[[26232418, 209424658, 214.14], [209424658, 182070155, 60.029], [182070155, 9001554553, 75.97700000000002], [9001554553, 9001637867, 222.63599999999997], [9001637867, 182070156, 76.696], [182070156, 208932380, 60.45099999999999], [208932380, 208932395, 62.907], [208932395, 208932355, 60.477000000000004], [208932355, 293294416, 50.283], [293294416, 293294415, 60.837], [293294415, 293294416, 60.837], [293294416, 209046758, 174.18], [209046758, 209046754, 60.746], [209046754, 293294415, 172.658], [293294415, 3577140054, 49.980000000000004], [3577140054, 208932417, 58.68899999999999], [208932417, 209046751, 220.60799999999998], [209046751, 209046748, 57.872], [209046748, 293294414, 39.346999999999994], [293294414, 293294413, 64.847], [293294413, 293294414, 64.847], [293294414, 133342201, 180.332], [133342201, 208932417, 58.763999999999996], [208932417, 31777082, 212.793], [31777082, 208932422, 130.228], [208932422, 208932411, 187.883], [208932411, 31705845, 74.015], [31705845, 208932411, 74.015], [208932411, 31776929, 57.541000000000004], [31776929, 31776930, 189.41299999999998], [31776930, 269197137, 64.22399999999999], [269197137, 29794079, 36.778], [29794079, 269197137, 36.778], [269197137, 209027846, 71.716], [209027846, 29794078, 118.688], [29794078, 31776929, 61.658], [31776929, 31705844, 74.122], [31705844, 29794077, 60.094], [29794077, 31701561, 61.763], [31701561, 471062548, 48.228], [471062548, 471062551, 95.745], [471062551, 31776170, 190.124], [31776170, 31776038, 123.522], [31776038, 31776467, 191.876], [31776467, 31776143, 78.43700000000001], [31776143, 31776141, 198.678], [31776141, 31776468, 69.122], [31776468, 678766341, 52.7], [678766341, 678766343, 51.662], [678766343, 678766341, 51.662], [678766341, 31776467, 121.8], [31776467, 31776840, 127.905], [31776840, 31776170, 205.09499999999997], [31776170, 31701558, 87.94300000000001], [31701558, 471062548, 191.24099999999999], [471062548, 471062543, 63.827], [471062543, 471062548, 63.827], [471062548, 471062551, 95.745], [471062551, 31705842, 43.738], [31705842, 678766334, 74.838], [678766334, 678766332, 112.107], [678766332, 31705840, 64.408], [31705840, 678766334, 48.171], [678766334, 31705842, 74.838], [31705842, 31705843, 61.009], [31705843, 31705842, 61.009], [31705842, 31776851, 83.946], [31776851, 31776850, 114.418], [31776850, 31776851, 114.418], [31776851, 209027839, 60.728], [209027839, 209027843, 114.361], [209027843, 209027839, 114.361], [209027839, 31705843, 81.809], [31705843, 31701561, 37.448], [31701561, 209027843, 224.27499999999998], [209027843, 31776850, 61.832], [31776850, 31776849, 107.28699999999999], [31776849, 31776848, 96.804], [31776848, 31776849, 96.804], [31776849, 31701566, 181.884], [31701566, 31776848, 86.818], [31776848, 5080594763, 291.855], [5080594763, 31776848, 291.855], [31776848, 29794134, 215.27100000000002], [29794134, 5080594763, 73.11500000000001], [5080594763, 31777146, 216.506], [31777146, 26232432, 210.31199999999998], [26232432, 127986323, 24.478], [127986323, 31777169, 279.726], [31777169, 31777158, 100.698], [31777158, 31700825, 178.59699999999998], [31700825, 31700824, 103.85900000000001], [31700824, 31777169, 179.584], [31777169, 31777155, 86.166], [31777155, 437788235, 97.572], [437788235, 31777154, 87.57300000000001], [31777154, 1573345779, 150.828], [1573345779, 437788238, 79.37799999999999], [437788238, 437788235, 142.188], [437788235, 437733716, 177.627], [437733716, 437733306, 11.314], [437733306, 438111555, 56.814], [438111555, 361889242, 69.056], [361889242, 437731034, 119.387], [437731034, 438111583, 10.924], [438111583, 437731034, 10.924], [437731034, 361889242, 119.387], [361889242, 361890899, 80.10199999999999], [361890899, 437735059, 83.402], [437735059, 437735056, 69.923], [437735056, 437735059, 69.923], [437735059, 437788056, 412.26899999999995], [437788056, 437788046, 306.03], [437788046, 437788056, 306.03], [437788056, 437788055, 91.113], [437788055, 437788054, 73.53999999999999], [437788054, 437788048, 306.088], [437788048, 438331727, 416.85299999999995], [438331727, 438329552, 84.60900000000001], [438329552, 319987376, 95.403], [319987376, 438329552, 95.403], [438329552, 437788049, 385.334], [437788049, 221106473, 81.39699999999999], [221106473, 437788051, 79.089], [437788051, 213972411, 181.791], [213972411, 1834639131, 47.026], [1834639131, 1743954801, 112.22200000000001], [1743954801, 209450064, 44.747], [209450064, 1743954804, 87.52199999999999], [1743954804, 124500941, 259.56], [124500941, 1743954804, 259.56], [1743954804, 209450053, 229.92300000000003], [209450053, 209450080, 287.804], [209450080, 209450079, 68.99199999999999], [209450079, 209450049, 285.08500000000004], [209450049, 209450064, 292.40500000000003], [209450064, 1743954801, 44.747], [1743954801, 437791257, 64.782], [437791257, 437788051, 77.354], [437788051, 437788052, 305.98499999999996], [437788052, 438328640, 404.177], [438328640, 221101673, 80.537], [221101673, 438329450, 81.004], [438329450, 31777167, 37.399], [31777167, 438329450, 37.399], [438329450, 437788053, 405.628], [437788053, 437788049, 304.37600000000003], [437788049, 437788048, 78.497], [437788048, 437788047, 75.492], [437788047, 437865929, 430.863], [437865929, 438331727, 85.02700000000002], [438331727, 437865929, 85.02700000000002], [437865929, 127962991, 91.65799999999999], [127962991, 5422390981, 41.305], [5422390981, 127962991, 41.305], [127962991, 1825900796, 95.689], [1825900796, 438111575, 109.333], [438111575, 1825900796, 109.333], [1825900796, 437788242, 261.845], [437788242, 437788045, 168.421], [437788045, 437788046, 94.027], [437788046, 127962991, 430.336], [127962991, 437788046, 430.336], [437788046, 437788047, 92.751], [437788047, 437788055, 307.031], [437788055, 437735056, 404.378], [437735056, 127970529, 20.45], [127970529, 438331678, 48.032], [438331678, 437788054, 404.79400000000004], [437788054, 437788053, 77.256], [437788053, 31777138, 80.839], [31777138, 221106473, 305.549], [221106473, 209432563, 88.191], [209432563, 319987376, 246.32500000000002], [319987376, 213972392, 8.471], [213972392, 213972409, 231.51800000000003], [213972409, 213972411, 41.468], [213972411, 1834639131, 47.026], [1834639131, 437791257, 60.004], [437791257, 209450046, 306.926], [209450046, 437788052, 76.28999999999999], [437788052, 31777138, 79.45700000000001], [31777138, 221101673, 404.80100000000004], [221101673, 290287298, 79.542], [290287298, 290287297, 117.59700000000001], [290287297, 290287298, 117.59700000000001], [290287298, 31777140, 83.968], [31777140, 31776937, 112.663], [31776937, 290287297, 87.249], [290287297, 31777167, 77.771], [31777167, 438331678, 39.428], [438331678, 127970529, 48.032], [127970529, 221101680, 167.269], [221101680, 361889242, 89.42], [361889242, 221101680, 89.42], [221101680, 31776937, 87.48599999999999], [31776937, 221101680, 87.48599999999999], [221101680, 127970528, 127.01200000000001], [127970528, 437733306, 94.05300000000001], [437733306, 1456706534, 90.794], [1456706534, 437733314, 40.195], [437733314, 31700821, 41.655], [31700821, 1456706534, 12.146], [1456706534, 31700821, 12.146], [31700821, 31777154, 174.28099999999998], [31777154, 31700821, 174.28099999999998], [31700821, 437733716, 90.487], [437733716, 31700823, 96.871], [31700823, 127970528, 10.575], [127970528, 31700662, 86.456], [31700662, 31776937, 129.232], [31776937, 31777140, 112.663], [31777140, 31700661, 130.09900000000002], [31700661, 31700662, 107.077], [31700662, 31700824, 10.8], [31700824, 31700823, 86.78], [31700823, 31777155, 180.074], [31777155, 127970525, 282.23400000000004], [127970525, 127986323, 82.435], [127986323, 127970525, 82.435], [127970525, 30453004, 98.93099999999998], [30453004, 437788238, 141.634], [437788238, 30453004, 141.634], [30453004, 31705445, 206.959], [31705445, 31705442, 699.677], [31705442, 355412789, 37.475], [355412789, 31705722, 104.81099999999999], [31705722, 124069466, 20.917], [124069466, 5422441479, 68.977], [5422441479, 5422441477, 24.517000000000003], [5422441477, 5422441479, 24.517000000000003], [5422441479, 3486915660, 9.711], [3486915660, 1374356024, 90.021], [1374356024, 31705722, 17.534], [31705722, 1374356024, 17.534], [1374356024, 31705442, 139.297], [31705442, 1374356024, 139.297], [1374356024, 31705840, 155.20000000000002], [31705840, 678766332, 64.408], [678766332, 31776038, 166.953], [31776038, 31776144, 80.05199999999999], [31776144, 31776143, 189.027], [31776143, 124062159, 94.839], [124062159, 124062156, 82.375], [124062156, 124062151, 81.97800000000001], [124062151, 31776715, 247.99599999999998], [31776715, 208756312, 40.177], [208756312, 26233235, 49.041000000000004], [26233235, 208756312, 49.041000000000004], [208756312, 31776715, 40.177], [31776715, 31776716, 84.30000000000001], [31776716, 29793292, 82.73700000000001], [29793292, 31776716, 82.73700000000001], [31776716, 124062156, 238.508], [124062156, 31776037, 191.016], [31776037, 31776036, 78.816], [31776036, 31776035, 85.41900000000001], [31776035, 31776036, 85.41900000000001], [31776036, 124062151, 196.79199999999997], [124062151, 124062147, 85.09], [124062147, 31776035, 198.115], [31776035, 31776034, 17.997], [31776034, 124065476, 94.888], [124065476, 31776034, 94.888], [31776034, 31776033, 50.329], [31776033, 124066839, 199.263], [124066839, 29793979, 85.842], [29793979, 124066839, 85.842], [124066839, 124062147, 70.238], [124062147, 26233235, 265.279], [26233235, 208687501, 14.634], [208687501, 208678573, 68.383], [208678573, 26233234, 74.549], [26233234, 29793979, 281.709], [29793979, 29793980, 199.15699999999998], [29793980, 29793981, 149.00300000000001], [29793981, 29793980, 149.00300000000001], [29793980, 31776033, 84.428], [31776033, 124065476, 129.9], [124065476, 31706264, 79.225], [31706264, 31706262, 106.78299999999999], [31706262, 31776036, 178.772], [31776036, 31776037, 78.816], [31776037, 29239088, 84.28500000000001], [29239088, 5422441477, 117.134], [5422441477, 3486915660, 24.045], [3486915660, 31776133, 87.437], [31776133, 31776134, 72.498], [31776134, 31776133, 72.498], [31776133, 31776144, 138.926], [31776144, 29239088, 92.442], [29239088, 124062159, 189.561], [124062159, 29793292, 224.736], [29793292, 31776141, 112.589], [31776141, 31776468, 69.122], [31776468, 31776718, 136.80299999999997], [31776718, 31701555, 103.58], [31701555, 31776718, 103.58], [31776718, 31776840, 124.67], [31776840, 31701556, 91.179], [31701556, 31701558, 203.916], [31701558, 29794076, 71.063], [29794076, 471062543, 190.04700000000003], [471062543, 29794077, 50.568], [29794077, 29794078, 74.777], [29794078, 209027846, 118.688], [209027846, 29794079, 235.99699999999996], [29794079, 29794080, 94.323], [29794080, 31777081, 62.457], [31777081, 31776930, 130.162], [31776930, 208932422, 57.405], [208932422, 208932429, 59.248], [208932429, 208932442, 59.601], [208932442, 208932392, 59.648], [208932392, 208932388, 178.18], [208932388, 208932392, 178.18], [208932392, 31777085, 129.732], [31777085, 31777086, 63.531], [31777086, 208932380, 211.411], [208932380, 209424658, 224.43699999999998], [209424658, 209424662, 63.244], [209424662, 209046758, 61.019000000000005], [209046758, 237602091, 212.534], [237602091, 237602087, 27.509], [237602087, 31777177, 274.275], [31777177, 291670189, 47.122], [291670189, 300079534, 44.39], [300079534, 291670189, 44.39], [291670189, 291670187, 67.022], [291670187, 300079530, 44.684], [300079530, 300079519, 69.333], [300079519, 291670077, 43.274], [291670077, 31777179, 46.658], [31777179, 31777178, 68.946], [31777178, 31777177, 67.013], [31777177, 2428617551, 90.098], [2428617551, 31777175, 57.908], [31777175, 182070153, 115.41999999999999], [182070153, 237599901, 55.773], [237599901, 8993137703, 75.544], [8993137703, 237599901, 75.544], [237599901, 299836991, 71.786], [299836991, 299836990, 186.58100000000002], [299836990, 299836991, 186.58100000000002], [299836991, 31777188, 53.292], [31777188, 31777189, 187.54299999999998], [31777189, 31777190, 11.026], [31777190, 209046778, 67.002], [209046778, 209046781, 86.323], [209046781, 209451575, 144.119], [209451575, 209451580, 48.702000000000005], [209451580, 209451575, 48.702000000000005], [209451575, 2743931689, 141.885], [2743931689, 209451575, 141.885], [209451575, 209451572, 87.65899999999998], [209451572, 2743931689, 63.32300000000001], [2743931689, 3604364534, 46.802], [3604364534, 477524393, 58.464], [477524393, 3604364534, 58.464], [3604364534, 2743931692, 84.17800000000001], [2743931692, 477524374, 59.459999999999994], [477524374, 2743931692, 59.459999999999994], [2743931692, 8992962930, 84.664], [8992962930, 1302059437, 10.245], [1302059437, 8992962930, 10.245], [8992962930, 209459450, 146.08800000000002], [209459450, 209459453, 155.499], [209459453, 8992915004, 140.908], [8992915004, 209459453, 140.908], [209459453, 8983222613, 52.426], [8983222613, 4513404834, 33.090999999999994], [4513404834, 4513404842, 58.444], [4513404842, 4513404834, 58.444], [4513404834, 8983222613, 33.090999999999994], [8983222613, 209459453, 52.426], [209459453, 1898613403, 40.011], [1898613403, 209459331, 99.009], [209459331, 1898613403, 99.009], [1898613403, 3603691323, 104.74300000000001], [3603691323, 3603691324, 82.893], [3603691324, 3603691323, 82.893], [3603691323, 209459348, 38.852], [209459348, 477524374, 47.61599999999999], [477524374, 477524393, 83.91299999999998], [477524393, 209459326, 44.244], [209459326, 8976944118, 72.06700000000001], [8976944118, 8974909601, 137.808], [8974909601, 8974853416, 59.896], [8974853416, 8974909601, 59.896], [8974909601, 209459331, 71.802], [209459331, 3603691324, 90.852], [3603691324, 209459326, 44.312], [209459326, 209459348, 83.299], [209459348, 209459450, 49.587999999999994], [209459450, 8981434218, 48.849999999999994], [8981434218, 8983222613, 171.704], [8983222613, 8983332193, 63.17999999999999], [8983332193, 803832347, 58.703], [803832347, 209459437, 77.768], [209459437, 8983222613, 70.617], [8983222613, 209459437, 70.617], [209459437, 803832347, 77.768], [803832347, 10892382609, 156.81300000000002], [10892382609, 209459367, 152.837], [209459367, 209459446, 170.87700000000004], [209459446, 209451593, 207.491], [209451593, 209459446, 207.491], [209459446, 209459434, 77.395], [209459434, 209459437, 171.85900000000004], [209459437, 209459367, 77.232], [209459367, 209459372, 96.463], [209459372, 213903147, 77.952], [213903147, 209459372, 77.952], [209459372, 209459376, 36.647], [209459376, 3528721962, 139.902], [3528721962, 209459376, 139.902], [209459376, 810119909, 118.04299999999999], [810119909, 209459381, 64.023], [209459381, 810119909, 64.023], [810119909, 293706604, 393.781], [293706604, 1242134829, 229.596], [1242134829, 209473680, 71.179], [209473680, 1242134829, 71.179], [1242134829, 209473675, 18.607], [209473675, 438303137, 97.136], [438303137, 438303130, 128.294], [438303130, 209473717, 91.68], [209473717, 209473719, 199.62300000000002], [209473719, 209473717, 199.62300000000002], [209473717, 438303130, 91.68], [438303130, 438303119, 238.454], [438303119, 438303115, 71.621], [438303115, 438303111, 93.751], [438303111, 438303107, 11.564], [438303107, 438303103, 132.886], [438303103, 209473749, 90.50699999999999], [209473749, 209473754, 323.752], [209473754, 209473880, 63.498], [209473880, 209473870, 65.102], [209473870, 438304343, 81.566], [438304343, 209481429, 80.44200000000001], [209481429, 209481432, 214.547], [209481432, 209481478, 95.281], [209481478, 209481432, 95.281], [209481432, 438304346, 81.376], [438304346, 209481432, 81.376], [209481432, 209481435, 262.96], [209481435, 209481437, 196.11500000000004], [209481437, 226496783, 26.785], [226496783, 209481437, 26.785], [209481437, 209481399, 81.65], [209481399, 209481403, 82.398], [209481403, 209481369, 198.299], [209481369, 209481366, 62.128], [209481366, 209481363, 63.433], [209481363, 209481366, 63.433], [209481366, 209481407, 198.12900000000002], [209481407, 209481403, 62.391], [209481403, 1766419089, 239.028], [1766419089, 159117733, 86.977], [159117733, 209481439, 87.50699999999999], [209481439, 226496783, 148.06], [226496783, 226496785, 97.566], [226496785, 209481473, 222.522], [209481473, 209481478, 262.97599999999994], [209481478, 209493303, 68.885], [209493303, 209473970, 262.897], [209473970, 209493299, 309.381], [209493299, 209473970, 309.381], [209473970, 209493303, 262.897], [209493303, 209481478, 68.885], [209481478, 209481470, 213.80599999999995], [209481470, 209481466, 21.622], [209481466, 209481470, 21.622], [209481470, 209481482, 55.442], [209481482, 209493307, 10.632], [209493307, 209493303, 214.192], [209493303, 209493310, 69.442], [209493310, 209493244, 262.529], [209493244, 209493248, 152.976], [209493248, 209493251, 76.039], [209493251, 209493341, 261.09200000000004], [209493341, 209493335, 214.43], [209493335, 209493338, 43.879], [209493338, 209493361, 225.093], [209493361, 209493338, 225.093], [209493338, 209493344, 125.743], [209493344, 31777010, 325.75600000000003], [31777010, 209493344, 325.75600000000003], [209493344, 209493335, 118.71199999999999], [209493335, 209493480, 64.029], [209493480, 1188375701, 90.14099999999999], [1188375701, 209493311, 123.96700000000001], [209493311, 209493341, 68.90299999999999], [209493341, 209493361, 74.269], [209493361, 209493454, 284.579], [209493454, 209493262, 73.0], [209493262, 209493289, 137.42000000000002], [209493289, 209493283, 74.47], [209493283, 209493289, 74.47], [209493289, 209493291, 71.921], [209493291, 209508004, 71.265], [209508004, 209493291, 71.265], [209493291, 209493266, 143.90300000000002], [209493266, 209493262, 60.702000000000005], [209493262, 209508036, 76.512], [209508036, 209493283, 150.404], [209493283, 209507839, 71.404], [209507839, 209507837, 163.197], [209507837, 209507839, 163.197], [209507839, 209493280, 81.603], [209493280, 209493277, 75.153], [209493277, 209493280, 75.153], [209493280, 209493254, 179.05700000000002], [209493254, 209493361, 257.223], [209493361, 209493454, 284.579], [209493454, 309994087, 135.925], [309994087, 309994088, 25.385], [309994088, 309994087, 25.385], [309994087, 209507837, 72.97200000000001], [209507837, 209508036, 62.783], [209508036, 209507837, 62.783], [209507837, 209493254, 74.854], [209493254, 209493251, 72.416], [209493251, 209493277, 195.294], [209493277, 209493272, 78.694], [209493272, 209493408, 88.581], [209493408, 209493272, 88.581], [209493272, 209493248, 222.97200000000004], [209493248, 209493311, 260.23400000000004], [209493311, 1188375701, 123.96700000000001], [1188375701, 1188375645, 68.584], [1188375645, 209473962, 75.71], [209473962, 1188375645, 75.71], [1188375645, 209493488, 89.68100000000001], [209493488, 538135517, 189.765], [538135517, 209473960, 207.49399999999997], [209473960, 538135517, 207.49399999999997], [538135517, 209493480, 256.308], [209493480, 209493488, 66.296], [209493488, 32553891, 76.034], [32553891, 209493307, 68.109], [209493307, 209481482, 10.632], [209481482, 209481454, 321.394], [209481454, 209473960, 78.18199999999999], [209473960, 32553891, 320.642], [32553891, 209473962, 89.08600000000001], [209473962, 209493310, 124.631], [209493310, 209493244, 262.529], [209493244, 209473970, 67.738], [209473970, 209481473, 67.601], [209481473, 209481435, 97.97099999999999], [209481435, 438304349, 76.685], [438304349, 1448487585, 72.906], [1448487585, 10167461285, 72.804], [10167461285, 1448487585, 72.804], [1448487585, 438304346, 189.07399999999998], [438304346, 209473864, 80.71300000000001], [209473864, 438304346, 80.71300000000001], [438304346, 438304343, 214.738], [438304343, 438304340, 321.85], [438304340, 209481425, 80.636], [209481425, 209481429, 321.53700000000003], [209481429, 209481466, 75.32900000000001], [209481466, 209481450, 321.33], [209481450, 209481454, 76.61500000000001], [209481454, 209473960, 78.18199999999999], [209473960, 31777009, 128.934], [31777009, 31777010, 188.444], [31777010, 209473894, 14.862], [209473894, 5409926535, 14.379999999999999], [5409926535, 209473894, 14.379999999999999], [209473894, 209473891, 186.73299999999998], [209473891, 209473952, 97.706], [209473952, 209473955, 85.091], [209473955, 209473952, 85.091], [209473952, 209473947, 79.02], [209473947, 209473888, 95.17699999999999], [209473888, 209473947, 95.17699999999999], [209473947, 209473943, 77.777], [209473943, 209481462, 276.089], [209481462, 4699016521, 71.924], [4699016521, 209481462, 71.924], [209481462, 1417691449, 261.765], [1417691449, 213878713, 90.971], [213878713, 1417691449, 90.971], [1417691449, 213870488, 32.612], [213870488, 213870484, 33.163], [213870484, 1417691449, 11.525], [1417691449, 213870488, 32.612], [213870488, 438304327, 52.178], [438304327, 209481421, 86.238], [209481421, 4699016521, 14.355], [4699016521, 209473939, 277.098], [209473939, 209473943, 74.24], [209473943, 209473884, 94.721], [209473884, 209473656, 75.48599999999999], [209473656, 209473939, 95.236], [209473939, 438304330, 80.56400000000001], [438304330, 438304327, 307.733], [438304327, 1766430892, 79.792], [1766430892, 209473740, 148.955], [209473740, 1766430892, 148.955], [1766430892, 209473726, 67.344], [209473726, 209473730, 179.696], [209473730, 209473726, 179.696], [209473726, 1766430892, 67.344], [1766430892, 1768863521, 311.31699999999995], [1768863521, 438304330, 81.12], [438304330, 438304334, 95.013], [438304334, 209473656, 80.594], [209473656, 31777006, 12.215], [31777006, 209481425, 133.989], [209481425, 209481450, 74.449], [209481450, 31777007, 132.233], [31777007, 209473884, 12.594], [209473884, 209473888, 76.844], [209473888, 209473891, 78.994], [209473891, 31777009, 12.857], [31777009, 31777008, 77.779], [31777008, 209481454, 130.785], [209481454, 31777008, 130.785], [31777008, 209473888, 13.441], [209473888, 31777008, 13.441], [31777008, 31777007, 76.947], [31777007, 31777006, 75.731], [31777006, 438304337, 80.70400000000001], [438304337, 438304340, 134.623], [438304340, 209473877, 80.845], [209473877, 209473870, 323.536], [209473870, 209473864, 214.08400000000003], [209473864, 209473760, 126.793], [209473760, 438303061, 90.285], [438303061, 209473760, 90.285], [209473760, 209473754, 214.57799999999997], [209473754, 209473760, 214.57799999999997], [209473760, 209473864, 126.793], [209473864, 209481369, 260.318], [209481369, 10167461285, 76.634], [10167461285, 438304349, 9.411], [438304349, 209481399, 197.478], [209481399, 159117733, 206.959], [159117733, 1766419089, 86.977], [1766419089, 208863169, 69.794], [208863169, 208863161, 63.537000000000006], [208863161, 208863169, 63.537000000000006], [208863169, 209481407, 264.241], [209481407, 1369179625, 63.405], [1369179625, 209481363, 197.952], [209481363, 438303032, 90.18199999999999], [438303032, 438303061, 260.508], [438303061, 209473591, 98.68100000000001], [209473591, 438303061, 98.68100000000001], [438303061, 438303087, 213.98999999999998], [438303087, 2148391684, 281.00000000000006], [2148391684, 2148391676, 98.132], [2148391676, 2148391687, 88.503], [2148391687, 2148391676, 88.503], [2148391676, 2148391684, 98.132], [2148391684, 438303103, 43.124], [438303103, 209424918, 97.835], [209424918, 209424913, 88.658], [209424913, 2148391687, 43.082], [2148391687, 209473617, 280.80199999999996], [209473617, 209473660, 88.111], [209473660, 438303087, 99.37], [438303087, 209473754, 89.47800000000001], [209473754, 209473880, 63.498], [209473880, 209473873, 322.535], [209473873, 209473877, 64.798], [209473877, 31777004, 134.187], [31777004, 438304337, 80.13300000000001], [438304337, 438304334, 11.619], [438304334, 209473648, 80.546], [209473648, 209473643, 66.227], [209473643, 31777003, 11.465], [31777003, 209473873, 133.288], [209473873, 209473749, 65.902], [209473749, 31777002, 132.99], [31777002, 31777003, 65.942], [31777003, 31777004, 66.062], [31777004, 209473648, 12.177], [209473648, 1768863521, 92.493], [1768863521, 209473721, 65.177], [209473721, 209473726, 311.748], [209473726, 209473717, 63.685], [209473717, 209473713, 311.65900000000005], [209473713, 438303115, 92.057], [438303115, 438303119, 71.621], [438303119, 209473673, 99.36099999999999], [209473673, 209473675, 368.026], [209473675, 1242134829, 18.607], [1242134829, 293706604, 229.596], [293706604, 209473687, 89.706], [209473687, 209473680, 85.55099999999999], [209473680, 209451606, 368.41], [209451606, 209473673, 85.86599999999999], [209473673, 209459418, 166.203], [209459418, 438303111, 99.326], [438303111, 209473639, 89.242], [209473639, 209473643, 65.297], [209473643, 209473721, 94.604], [209473721, 209473713, 63.931], [209473713, 209473639, 94.058], [209473639, 31777002, 11.548], [31777002, 438303107, 88.898], [438303107, 31777001, 101.214], [31777001, 209424918, 129.846], [209424918, 2148391676, 43.901], [2148391676, 209473660, 281.031], [209473660, 209473591, 214.535], [209473591, 209473585, 89.078], [209473585, 209473617, 215.223], [209473617, 209473604, 87.756], [209473604, 209473583, 215.572], [209473583, 209473585, 87.281], [209473585, 209473612, 258.288], [209473612, 209473664, 86.807], [209473664, 1239271555, 23.823999999999998], [1239271555, 209473664, 23.823999999999998], [209473664, 209473612, 86.807], [209473612, 209473608, 88.102], [209473608, 209473668, 84.29500000000002], [209473668, 209473608, 84.29500000000002], [209473608, 209473583, 256.997], [209473583, 209424888, 78.042], [209424888, 209473668, 256.575], [209473668, 209424929, 57.817], [209424929, 209424883, 255.62500000000003], [209424883, 32586033, 68.703], [32586033, 209424883, 68.703], [209424883, 209424888, 62.339], [209424888, 209473600, 216.062], [209473600, 209473604, 78.39], [209473604, 2148391688, 281.77799999999996], [2148391688, 2148391687, 87.82], [2148391687, 2148391688, 87.82], [2148391688, 805047843, 37.242], [805047843, 2148391688, 37.242], [2148391688, 209424909, 42.22], [209424909, 209424913, 87.792], [209424913, 31777000, 130.715], [31777000, 31777001, 85.946], [31777001, 209459418, 12.678], [209459418, 209459415, 87.922], [209459415, 209451606, 164.43100000000004], [209451606, 209451605, 88.538], [209451605, 209473687, 369.24199999999996], [209473687, 209473688, 79.61500000000001], [209473688, 209473693, 58.464000000000006], [209473693, 209473688, 58.464000000000006], [209473688, 9424630887, 369.515], [9424630887, 209451605, 77.925], [209451605, 209459412, 164.732], [209459412, 209459415, 88.21000000000001], [209459415, 31777000, 13.942], [31777000, 31776999, 88.352], [31776999, 209459412, 12.474], [209459412, 209459409, 76.878], [209459409, 209459407, 62.175999999999995], [209459407, 209451598, 162.68200000000002], [209451598, 209473693, 369.923], [209473693, 209459381, 73.583], [209459381, 209451597, 370.126], [209451597, 209451598, 71.9], [209451598, 9424630887, 61.052], [9424630887, 209459409, 163.424], [209459409, 31776998, 12.518], [31776998, 31776997, 318.49399999999997], [31776997, 209459407, 12.194], [209459407, 209459404, 72.29], [209459404, 209451597, 162.898], [209451597, 209459426, 78.371], [209459426, 2003367829, 97.904], [2003367829, 209459426, 97.904], [209459426, 209459400, 160.68299999999996], [209459400, 209459404, 72.533], [209459404, 31776996, 11.665], [31776996, 31776997, 72.25500000000001], [31776997, 31776998, 318.49399999999997], [31776998, 31776999, 77.184], [31776999, 209424909, 131.51600000000002], [209424909, 209473600, 399.375], [209473600, 209424935, 62.251000000000005], [209424935, 209424896, 389.607], [209424896, 209424893, 72.487], [209424893, 31776995, 132.65099999999998], [31776995, 209459400, 11.412], [209459400, 209459396, 101.559], [209459396, 2003367829, 158.484], [2003367829, 1707414519, 87.604], [1707414519, 209451593, 43.562999999999995], [209451593, 209459389, 153.675], [209459389, 209046789, 78.937], [209046789, 209459389, 78.937], [209459389, 209459392, 45.065], [209459392, 1707414519, 155.398], [1707414519, 209451593, 43.562999999999995], [209451593, 209451589, 78.262], [209451589, 209459434, 209.777], [209459434, 8981434218, 70.16799999999999], [8981434218, 1417691420, 162.062], [1417691420, 8980062370, 53.574], [8980062370, 209451589, 65.70100000000001], [209451589, 209046789, 152.34400000000002], [209046789, 209046786, 62.635999999999996], [209046786, 8980062370, 147.41], [8980062370, 209451580, 53.73700000000001], [209451580, 209046783, 145.81000000000003], [209046783, 209046781, 51.964000000000006], [209046781, 31776989, 10.803], [31776989, 1562478901, 90.23599999999999], [1562478901, 209424792, 64.71499999999999], [209424792, 1562478901, 64.71499999999999], [1562478901, 226499431, 216.073], [226499431, 8997083710, 167.935], [8997083710, 209424775, 35.01], [209424775, 8997083710, 35.01], [8997083710, 8996944106, 58.888], [8996944106, 8996944095, 74.223], [8996944095, 8996944106, 74.223], [8996944106, 209046803, 167.24399999999997], [209046803, 226499431, 59.503], [226499431, 209424780, 34.578], [209424780, 209424815, 40.257], [209424815, 209424849, 168.59599999999998], [209424849, 1454537655, 63.172999999999995], [1454537655, 209424717, 59.352000000000004], [209424717, 209424849, 18.296999999999997], [209424849, 209424775, 42.491], [209424775, 209424780, 168.18200000000002], [209424780, 209424855, 252.01599999999996], [209424855, 209424815, 213.61900000000003], [209424815, 209424819, 55.330999999999996], [209424819, 209424847, 213.01600000000002], [209424847, 6896848389, 63.964], [6896848389, 209424837, 78.023], [209424837, 209424833, 62.087], [209424833, 209424870, 45.966], [209424870, 209424860, 320.986], [209424860, 209424742, 85.81], [209424742, 209424739, 217.46699999999998], [209424739, 209424765, 85.574], [209424765, 209424754, 46.298], [209424754, 209424829, 218.039], [209424829, 209424768, 77.244], [209424768, 6896814380, 222.78600000000003], [6896814380, 209424754, 78.33600000000001], [209424754, 6896814380, 78.33600000000001], [6896814380, 209424686, 40.388999999999996], [209424686, 6896814380, 40.388999999999996], [6896814380, 6896814378, 222.041], [6896814378, 209424753, 77.611], [209424753, 209424754, 225.78099999999998], [209424754, 209424765, 46.298], [209424765, 209424739, 85.574], [209424739, 209424880, 93.37899999999999], [209424880, 32586033, 72.675], [32586033, 209424880, 72.675], [209424880, 209424892, 217.57], [209424892, 209424742, 97.334], [209424742, 209424875, 321.99199999999996], [209424875, 209424870, 83.914], [209424870, 31776993, 133.503], [31776993, 209459392, 13.419], [209459392, 209459396, 84.954], [209459396, 31776994, 13.428], [31776994, 209424875, 132.621], [209424875, 209424893, 100.351], [209424893, 209424892, 322.618], [209424892, 32585978, 72.52300000000001], [32585978, 209424935, 69.37100000000001], [209424935, 209424883, 217.273], [209424883, 209424888, 62.339], [209424888, 209473583, 78.042], [209473583, 209473585, 87.281], [209473585, 209473591, 89.078], [209473591, 209473664, 259.54999999999995], [209473664, 438303032, 97.43299999999999], [438303032, 1468867129, 197.70600000000002], [1468867129, 208863157, 323.622], [208863157, 1468867129, 323.622], [1468867129, 1369179625, 90.375], [1369179625, 208863161, 287.648], [208863161, 208863157, 100.14599999999999], [208863157, 208863151, 103.35300000000001], [208863151, 7796804694, 35.288000000000004], [7796804694, 208863151, 35.288000000000004], [208863151, 9017414767, 192.153], [9017414767, 208863137, 79.013], [208863137, 9962290375, 219.70599999999996], [9962290375, 208863137, 219.70599999999996], [208863137, 208863132, 95.983], [208863132, 209444337, 86.556], [209444337, 208863123, 51.79], [208863123, 209444333, 65.131], [209444333, 208863117, 70.53200000000001], [208863117, 209444333, 70.53200000000001], [209444333, 208863123, 65.131], [208863123, 208863250, 42.815999999999995], [208863250, 3373402628, 70.884], [3373402628, 208863246, 214.246], [208863246, 1215827364, 17.173], [1215827364, 1215827356, 174.542], [1215827356, 225104781, 90.99599999999998], [225104781, 209424747, 171.664], [209424747, 1215827364, 91.544], [1215827364, 1215827361, 195.58499999999998], [1215827361, 225106249, 15.953], [225106249, 31777098, 126.92600000000002], [31777098, 225106249, 126.92600000000002], [225106249, 208863246, 196.31500000000003], [208863246, 1215827364, 17.173], [1215827364, 1215827356, 174.542], [1215827356, 3373402629, 40.235], [3373402629, 3373402628, 18.519], [3373402628, 1215827358, 74.84], [1215827358, 208863117, 27.629], [208863117, 1215827358, 27.629], [1215827358, 3373402629, 72.005], [3373402629, 208863242, 90.81], [208863242, 208863235, 78.314], [208863235, 208863242, 78.314], [208863242, 225104781, 43.65], [225104781, 225104777, 77.41], [225104777, 9027096896, 40.985], [9027096896, 208863229, 48.367], [208863229, 9027096896, 48.367], [9027096896, 209424725, 187.512], [209424725, 209424706, 40.31700000000001], [209424706, 209424727, 22.43], [209424727, 209424706, 22.43], [209424706, 6896814371, 137.90099999999998], [6896814371, 209424725, 104.15299999999999], [209424725, 9005010087, 58.975], [9005010087, 420286893, 107.137], [420286893, 9005010087, 107.137], [9005010087, 225104789, 50.457], [225104789, 9005010087, 50.457], [9005010087, 225104751, 42.492], [225104751, 225104767, 136.989], [225104767, 225104760, 47.998999999999995], [225104760, 893724009, 47.267], [893724009, 3373402626, 52.875], [3373402626, 9017718921, 98.89999999999999], [9017718921, 225104767, 52.774], [225104767, 225104751, 136.989], [225104751, 225104760, 184.48100000000002], [225104760, 893724009, 47.267], [893724009, 9004963072, 176.474], [9004963072, 1215824127, 229.66199999999998], [1215824127, 459929660, 77.097], [459929660, 458975105, 59.864], [458975105, 3373392906, 106.73700000000001], [3373392906, 459929658, 54.366], [459929658, 459929660, 105.94500000000001], [459929660, 1215824127, 77.097], [1215824127, 208962866, 120.07700000000001], [208962866, 9017164927, 133.551], [9017164927, 208962866, 133.551], [208962866, 208863215, 21.778], [208863215, 208863257, 40.127], [208863257, 208863215, 40.127], [208863215, 1215824127, 119.393], [1215824127, 3373402626, 12.776], [3373402626, 9017718921, 98.89999999999999], [9017718921, 208863229, 56.007], [208863229, 208863235, 40.301], [208863235, 225104777, 46.891000000000005], [225104777, 209424727, 169.875], [209424727, 209424747, 77.502], [209424747, 6896814368, 123.51400000000001], [6896814368, 225106245, 69.586], [225106245, 6896814368, 69.586], [6896814368, 6896814375, 274.53499999999997], [6896814375, 6896814378, 211.95000000000002], [6896814378, 209424721, 38.862], [209424721, 9015557882, 60.568000000000005], [9015557882, 9015589705, 220.741], [9015589705, 225104797, 48.935], [225104797, 225104801, 80.31700000000001], [225104801, 225104797, 80.31700000000001], [225104797, 9015589705, 48.935], [9015589705, 1454537655, 165.525], [1454537655, 9015589705, 165.525], [9015589705, 209424686, 59.098], [209424686, 9015589705, 59.098], [9015589705, 209424686, 59.098], [209424686, 209424721, 220.355], [209424721, 31777093, 212.68], [31777093, 6896814371, 197.395], [6896814371, 420286893, 58.06400000000001], [420286893, 9005120097, 198.40599999999998], [9005120097, 9015557882, 212.191], [9015557882, 225104791, 48.514], [225104791, 225104797, 220.814], [225104797, 209424677, 48.26599999999999], [209424677, 209424675, 58.938], [209424675, 209424677, 58.938], [209424677, 9999714464, 223.632], [9999714464, 31777090, 213.02800000000002], [31777090, 9004963072, 307.1520000000001], [9004963072, 9004963073, 58.962], [9004963073, 9004963072, 58.962], [9004963072, 225104789, 46.815], [225104789, 31777091, 307.13599999999997], [31777091, 9005120097, 48.818000000000005], [9005120097, 31777093, 60.697], [31777093, 6896814375, 38.353], [6896814375, 31777096, 77.732], [31777096, 225106245, 129.226], [225106245, 1215827361, 92.25], [1215827361, 1215827353, 127.512], [1215827353, 31777098, 15.141], [31777098, 209424746, 281.115], [209424746, 209424880, 256.038], [209424880, 209424739, 93.37899999999999], [209424739, 30451686, 247.69999999999996], [30451686, 1215827353, 199.471], [1215827353, 31777096, 92.659], [31777096, 209424753, 212.031], [209424753, 209424759, 44.847], [209424759, 209424765, 224.317], [209424765, 209424860, 217.78799999999998], [209424860, 209424829, 43.982], [209424829, 209424825, 168.096], [209424825, 209424833, 152.335], [209424833, 209424837, 62.087], [209424837, 209424842, 72.072], [209424842, 31776993, 45.64], [31776993, 31776994, 84.81400000000001], [31776994, 31776995, 101.593], [31776995, 31776996, 72.466], [31776996, 209424896, 133.18099999999998], [209424896, 32585978, 321.34700000000004], [32585978, 32586033, 217.701], [32586033, 32585979, 255.61599999999999], [32585979, 209424929, 67.91], [209424929, 32585979, 67.91], [32585979, 209424746, 72.06], [209424746, 30451686, 109.379], [30451686, 209424759, 78.449], [209424759, 209424765, 224.317], [209424765, 209424860, 217.78799999999998], [209424860, 209424829, 43.982], [209424829, 209424825, 168.096], [209424825, 6896848386, 76.975], [6896848386, 209424819, 65.49799999999999], [209424819, 209424845, 168.404], [209424845, 209424717, 35.308], [209424717, 209424845, 35.308], [209424845, 209424768, 63.83], [209424768, 6896848386, 167.769], [6896848386, 6896848389, 213.728], [6896848389, 31776992, 72.846], [31776992, 209424842, 77.86299999999999], [209424842, 31776992, 77.86299999999999], [31776992, 31776991, 63.086999999999996], [31776991, 209046786, 10.739], [209046786, 209046783, 55.685], [209046783, 31776990, 10.84], [31776990, 31776991, 56.125], [31776991, 209424847, 73.52199999999999], [209424847, 209424855, 55.355999999999995], [209424855, 31776990, 73.057], [31776990, 31776989, 52.098], [31776989, 31776988, 85.56200000000001], [31776988, 209424792, 64.916], [209424792, 209046803, 224.946], [209046803, 8993404167, 72.971], [8993404167, 8996944095, 166.286], [8996944095, 9001554553, 218.987], [9001554553, 209424675, 73.632], [209424675, 9001637842, 224.22299999999998], [9001637842, 9999714464, 58.651], [9999714464, 225104791, 48.033], [225104791, 31777091, 212.828], [31777091, 31777090, 46.777], [31777090, 31777089, 59.637], [31777089, 9001637842, 213.49599999999998], [9001637842, 9001637867, 73.394], [9001637867, 9001690915, 213.03], [9001690915, 208932399, 303.857], [208932399, 9004963073, 73.50200000000001], [9004963073, 31777089, 306.309], [31777089, 9001690915, 73.339], [9001690915, 31777087, 76.666], [31777087, 182070157, 304.914], [182070157, 208932399, 76.398], [208932399, 9017164927, 76.389], [9017164927, 31705850, 76.51400000000001], [31705850, 182070157, 76.51400000000001], [182070157, 208932369, 60.988], [208932369, 31705849, 77.72200000000001], [31705849, 208863259, 193.588], [208863259, 182070159, 61.242], [182070159, 208863257, 75.949], [208863257, 459929658, 31.252], [459929658, 3373392906, 54.366], [3373392906, 1768204854, 124.22500000000001], [1768204854, 459929479, 79.84], [459929479, 459929479, 77.928], [459929479, 1768204854, 79.84], [1768204854, 208863270, 79.098], [208863270, 459929513, 134.26999999999998], [459929513, 208863270, 134.26999999999998], [208863270, 208863264, 78.144], [208863264, 208863259, 63.263999999999996], [208863259, 182070159, 61.242], [182070159, 31705850, 196.01000000000002], [31705850, 31705849, 61.025999999999996], [31705849, 31705848, 64.90899999999999], [31705848, 208863264, 190.68200000000002], [208863264, 31705848, 190.68200000000002], [31705848, 208932388, 79.118], [208932388, 208932338, 59.239], [208932338, 208932442, 179.376], [208932442, 31777084, 130.177], [31777084, 208932355, 212.258], [208932355, 3577140054, 60.729], [3577140054, 31777083, 212.515], [31777083, 208932429, 130.417], [208932429, 208932403, 179.793], [208932403, 208932338, 60.0], [208932338, 31705847, 79.138], [31705847, 31776825, 464.76300000000003], [31776825, 31776824, 72.392], [31776824, 208932423, 50.133], [208932423, 31776824, 50.133], [31776824, 31705846, 482.639], [31705846, 208932403, 80.18], [208932403, 31705846, 80.18], [31705846, 31705845, 59.223], [31705845, 208932423, 494.096], [208932423, 31776823, 58.851], [31776823, 29794074, 62.034], [29794074, 31701555, 58.