[[29239079, 4504112773, 149.72500000000002], [4504112773, 391531806, 152.567], [391531806, 213649886, 24.212], [213649886, 213649866, 158.834], [213649866, 213649886, 158.834], [213649886, 213649874, 113.456], [213649874, 213649488, 37.324], [213649488, 213649874, 37.324], [213649874, 213649866, 41.114], [213649866, 213649485, 46.227], [213649485, 213649488, 47.627], [213649488, 310090260, 407.91700000000003], [310090260, 310090261, 66.35], [310090261, 661852604, 205.36200000000002], [661852604, 29795237, 180.655], [29795237, 661852604, 180.655], [661852604, 596988490, 91.857], [596988490, 596988509, 77.758], [596988509, 596988539, 58.976], [596988539, 29795237, 139.19], [29795237, 29795236, 108.126], [29795236, 5413741435, 62.754000000000005], [5413741435, 29795235, 36.96], [29795235, 310090260, 185.384], [310090260, 310090261, 66.35], [310090261, 9307175743, 332.54], [9307175743, 4514524184, 100.147], [4514524184, 213649485, 74.62700000000001], [213649485, 5415927950, 166.298], [5415927950, 4514524164, 30.078], [4514524164, 5415927950, 30.078], [5415927950, 213649963, 33.925], [213649963, 213649471, 165.23299999999998], [213649471, 4514524184, 192.055], [4514524184, 9307175743, 100.147], [9307175743, 213649468, 195.89200000000002], [213649468, 3733743016, 216.185], [3733743016, 213649468, 216.185], [213649468, 213649435, 84.38099999999999], [213649435, 213649471, 15.523], [213649471, 213649435, 15.523], [213649435, 213649430, 92.31], [213649430, 213649445, 101.445], [213649445, 213649430, 101.445], [213649430, 213649427, 127.67999999999999], [213649427, 213649430, 127.67999999999999], [213649430, 213649452, 231.36700000000002], [213649452, 213649987, 92.964], [213649987, 213649452, 92.964], [213649452, 213649404, 137.619], [213649404, 213649452, 137.619], [213649452, 213649963, 139.475], [213649963, 4514524164, 28.575], [4514524164, 213649957, 98.464], [213649957, 213649961, 35.038], [213649961, 213649957, 35.038], [213649957, 213649947, 165.26999999999998], [213649947, 213649936, 173.279], [213649936, 213649947, 173.279], [213649947, 213649936, 173.279], [213649936, 213649928, 132.616], [213649928, 213649418, 235.925], [213649418, 213649928, 235.925], [213649928, 213649404, 104.737], [213649404, 213649427, 207.885], [213649427, 213649401, 262.053], [213649401, 213649404, 103.535], [213649404, 213649401, 103.535], [213649401, 213649392, 113.52000000000001], [213649392, 3964969147, 105.511], [3964969147, 213649409, 374.861], [213649409, 209387056, 102.193], [209387056, 213649409, 102.193], [213649409, 209387056, 102.193], [209387056, 596999735, 66.417], [596999735, 596999736, 60.639], [596999736, 596999735, 60.639], [596999735, 596999732, 68.467], [596999732, 1969920684, 16.17], [1969920684, 596999732, 16.17], [596999732, 596999743, 94.817], [596999743, 209390674, 127.91799999999999], [209390674, 209390670, 262.013], [209390670, 209387046, 92.783], [209387046, 664167873, 93.476], [664167873, 1765657078, 170.344], [1765657078, 1765657079, 93.876], [1765657079, 209387046, 170.595], [209387046, 209387049, 263.249], [209387049, 209390674, 93.42099999999999], [209390674, 9943289208, 83.869], [9943289208, 209390674, 83.869], [209390674, 596999743, 127.91799999999999], [596999743, 596999744, 232.996], [596999744, 213649409, 57.297000000000004], [213649409, 3964969147, 374.861], [3964969147, 213649392, 105.511], [213649392, 213649401, 113.52000000000001], [213649401, 31700226, 417.47800000000007], [31700226, 221128630, 231.89999999999998], [221128630, 221106405, 169.135], [221106405, 209364980, 87.781], [209364980, 209364977, 261.421], [209364977, 437788171, 88.242], [437788171, 1765657082, 168.683], [1765657082, 209390697, 87.013], [209390697, 1765630410, 88.11], [1765630410, 1968551693, 155.723], [1968551693, 1765630410, 155.723], [1765630410, 209390694, 170.539], [209390694, 437719778, 87.216], [437719778, 437788171, 87.447], [437788171, 221106405, 261.418], [221106405, 221106400, 87.71500000000002], [221106400, 596999772, 79.105], [596999772, 596999783, 162.925], [596999783, 596999784, 13.752], [596999784, 221112989, 80.536], [221112989, 526533292, 92.543], [526533292, 1968519508, 42.276], [1968519508, 526533292, 42.276], [526533292, 596999795, 93.045], [596999795, 221112989, 13.361], [221112989, 221106397, 162.752], [221106397, 491202324, 80.62199999999999], [491202324, 596999772, 14.198], [596999772, 209390694, 263.659], [209390694, 1765630410, 170.539], [1765630410, 526533273, 88.209], [526533273, 221106420, 169.93399999999997], [221106420, 126094069, 90.138], [126094069, 221106420, 90.138], [221106420, 221106397, 261.077], [221106397, 221106392, 90.68799999999999], [221106392, 596999811, 81.95], [596999811, 596999812, 124.164], [596999812, 596999811, 124.164], [596999811, 596999769, 91.108], [596999769, 9585659172, 45.918], [9585659172, 596999769, 45.918], [596999769, 596999813, 123.532], [596999813, 596999812, 89.55699999999999], [596999812, 221106387, 84.95400000000001], [221106387, 221106392, 125.669], [221106392, 596999788, 76.6], [596999788, 1420077705, 125.167], [1420077705, 596999788, 125.167], [596999788, 526533292, 92.859], [526533292, 596999797, 92.529], [596999797, 1420077700, 125.07], [1420077700, 596999847, 83.26], [596999847, 596999794, 123.64000000000001], [596999794, 596999847, 123.64000000000001], [596999847, 221091652, 133.08], [221091652, 126094068, 130.69400000000002], [126094068, 596999794, 134.702], [596999794, 596999797, 78.255], [596999797, 1420077700, 125.07], [1420077700, 310683067, 88.57499999999999], [310683067, 1420077705, 91.124], [1420077705, 221106387, 78.029], [221106387, 221106382, 85.378], [221106382, 437729754, 262.179], [437729754, 221106382, 262.179], [221106382, 126066962, 474.341], [126066962, 221106382, 474.341], [221106382, 221106378, 84.539], [221106378, 221106429, 262.40200000000004], [221106429, 221113204, 170.423], [221113204, 221113177, 84.685], [221113177, 221113204, 84.685], [221113204, 221113274, 82.199], [221113274, 126068173, 37.02], [126068173, 221113274, 37.02], [221113274, 221106435, 170.464], [221106435, 221106429, 82.632], [221106429, 437729754, 86.233], [437729754, 221106425, 87.571], [221106425, 596999813, 87.319], [596999813, 221106425, 87.319], [221106425, 514112191, 72.19399999999999], [514112191, 514112190, 122.887], [514112190, 514112191, 122.887], [514112191, 9680726834, 98.22200000000001], [9680726834, 596999815, 92.152], [596999815, 4559009211, 113.708], [4559009211, 6277242277, 300.416], [6277242277, 10837326778, 146.113], [10837326778, 6277242277, 146.113], [6277242277, 865023812, 86.94800000000001], [865023812, 4514457621, 12.966], [4514457621, 2378096434, 36.247], [2378096434, 428525931, 23.258], [428525931, 4514457621, 38.819], [4514457621, 865023812, 12.966], [865023812, 6100220186, 47.01], [6100220186, 4559009211, 629.789], [4559009211, 596999815, 113.708], [596999815, 596999768, 123.865], [596999768, 4514472908, 62.08], [4514472908, 596999768, 62.08], [596999768, 126093363, 93.22], [126093363, 514112190, 97.703], [514112190, 126094069, 72.575], [126094069, 221106425, 122.952], [221106425, 437729754, 87.571], [437729754, 221113177, 170.38600000000002], [221113177, 5515312073, 96.088], [5515312073, 221113177, 96.088], [221113177, 9680726834, 87.257], [9680726834, 126093363, 122.735], [126093363, 526533273, 89.469], [526533273, 221106420, 169.93399999999997], [221106420, 209390694, 87.086], [209390694, 491202324, 262.308], [491202324, 596999784, 163.014], [596999784, 596999773, 13.294], [596999773, 4605973276, 41.605], [4605973276, 3691019539, 13.578], [3691019539, 596999774, 42.038000000000004], [596999774, 596999783, 13.252], [596999783, 126073338, 81.69200000000001], [126073338, 126102457, 306.126], [126102457, 126073338, 306.126], [126073338, 221106400, 169.849], [221106400, 437719778, 260.699], [437719778, 209390697, 169.28199999999998], [209390697, 428525931, 157.185], [428525931, 2378096434, 23.258], [2378096434, 4774155870, 74.80699999999999], [4774155870, 213955306, 103.35800000000002], [213955306, 213955379, 99.116], [213955379, 213955395, 66.506], [213955395, 213955379, 66.506], [213955379, 213955444, 36.073], [213955444, 209364967, 11.256], [209364967, 213955444, 11.256], [213955444, 213955395, 67.221], [213955395, 209374806, 52.181000000000004], [209374806, 6100220186, 191.53199999999998], [6100220186, 4559009211, 629.789], [4559009211, 5515305964, 84.229], [5515305964, 4559009212, 315.74], [4559009212, 5412399379, 177.87000000000003], [5412399379, 5412399376, 173.37099999999998], [5412399376, 5412399379, 173.37099999999998], [5412399379, 4559009212, 177.87000000000003], [4559009212, 437865622, 133.309], [437865622, 437865624, 42.641], [437865624, 437865622, 42.641], [437865622, 4559009212, 133.309], [4559009212, 5515305964, 315.74], [5515305964, 5515312073, 108.92999999999999], [5515312073, 31701022, 464.07], [31701022, 221106437, 76.989], [221106437, 1825900796, 84.463], [1825900796, 438111575, 109.333], [438111575, 1825900796, 109.333], [1825900796, 221106437, 84.463], [221106437, 126094908, 99.156], [126094908, 221106437, 99.156], [221106437, 221106363, 262.423], [221106363, 221106359, 168.34400000000002], [221106359, 221106468, 76.01199999999999], [221106468, 221106464, 69.577], [221106464, 471725446, 83.499], [471725446, 221106464, 83.499], [221106464, 1857963725, 168.369], [1857963725, 221106368, 68.921], [221106368, 221106363, 77.218], [221106363, 221106359, 168.34400000000002], [221106359, 221091275, 306.151], [221091275, 221091287, 78.403], [221091287, 124524581, 69.2], [124524581, 221091287, 69.2], [221091287, 221106468, 305.587], [221106468, 221106368, 168.863], [221106368, 31701022, 262.627], [31701022, 221106435, 69.245], [221106435, 1857963725, 262.514], [1857963725, 221106378, 84.64699999999999], [221106378, 471725446, 168.755], [471725446, 221091281, 305.584], [221091281, 9680726835, 171.424], [9680726835, 124531262, 243.81699999999998], [124531262, 4504112778, 166.73199999999997], [4504112778, 124531262, 166.73199999999997], [124531262, 221101697, 68.357], [221101697, 221108180, 241.643], [221108180, 124524581, 171.49999999999997], [124524581, 221091281, 83.65], [221091281, 126066962, 85.678], [126066962, 221091652, 86.24600000000001], [221091652, 221110584, 134.571], [221110584, 221110240, 36.444], [221110240, 124504833, 218.817], [124504833, 221110240, 218.817], [221110240, 221108317, 85.563], [221108317, 31700231, 293.325], [31700231, 221108317, 293.325], [221108317, 9680726835, 85.971], [9680726835, 221108180, 82.963], [221108180, 124524581, 171.49999999999997], [124524581, 221091281, 83.65], [221091281, 126066962, 85.678], [126066962, 221091652, 86.24600000000001], [221091652, 221110584, 134.571], [221110584, 126092384, 144.59799999999998], [126092384, 31700229, 94.28900000000002], [31700229, 126092384, 94.28900000000002], [126092384, 126094068, 107.42], [126094068, 221112922, 88.219], [221112922, 596999795, 298.78999999999996], [596999795, 596999773, 80.01599999999999], [596999773, 596999774, 13.7], [596999774, 126073338, 81.56700000000001], [126073338, 221128630, 88.431], [221128630, 126073336, 86.486], [126073336, 31700225, 187.91699999999997], [31700225, 126073336, 187.91699999999997], [126073336, 209364980, 168.988], [209364980, 9943289208, 88.749], [9943289208, 437719105, 260.825], [437719105, 1765630409, 171.401], [1765630409, 1765657080, 83.68], [1765657080, 209390670, 170.465], [209390670, 437719105, 84.434], [437719105, 209364977, 88.164], [209364977, 1765657081, 171.066], [1765657081, 1765657082, 89.22], [1765657082, 4774155870, 149.017], [4774155870, 209364967, 100.69], [209364967, 1765657081, 150.866], [1765657081, 1765630409, 86.469], [1765630409, 209365004, 216.78500000000003], [209365004, 209365009, 93.581], [209365009, 1765657079, 162.629], [1765657079, 1765657080, 92.639], [1765657080, 1765657079, 92.639], [1765657079, 1765657080, 92.639], [1765657080, 209365004, 159.718], [209365004, 209365009, 93.581], [209365009, 209365013, 92.62200000000001], [209365013, 209387031, 91.71], [209387031, 209387036, 191.888], [209387036, 209387031, 191.888], [209387031, 209365013, 91.71], [209365013, 1765657078, 164.199], [1765657078, 664167873, 170.344], [664167873, 209387023, 261.918], [209387023, 209387049, 93.42], [209387049, 1969920684, 108.151], [1969920684, 303432802, 80.928], [303432802, 3382995922, 101.409], [3382995922, 303432802, 101.409], [303432802, 1975853560, 104.511], [1975853560, 1975853544, 55.206], [1975853544, 1975853546, 65.111], [1975853546, 10073196740, 67.317], [10073196740, 1975853546, 67.317], [1975853546, 1975853548, 41.105], [1975853548, 303431774, 46.052], [303431774, 1975853548, 46.052], [1975853548, 1975853561, 107.27600000000001], [1975853561, 1975853560, 44.292], [1975853560, 1975853544, 55.206], [1975853544, 1765630408, 72.65], [1765630408, 5415829812, 47.677], [5415829812, 4171683688, 54.871], [4171683688, 209387056, 134.28799999999998], [209387056, 4171683688, 134.28799999999998], [4171683688, 5415829801, 159.94299999999998], [5415829801, 5415829806, 27.972], [5415829806, 5415829803, 25.505999999999997], [5415829803, 31700078, 25.854], [31700078, 5415829801, 27.611], [5415829801, 4171683688, 159.94299999999998], [4171683688, 5415829812, 54.871], [5415829812, 1765630408, 47.677], [1765630408, 1765657075, 76.837], [1765657075, 1765630408, 76.837], [1765630408, 213666597, 196.48999999999998], [213666597, 209387112, 77.52799999999999], [209387112, 1765657075, 196.728], [1765657075, 209387112, 196.728], [209387112, 209387127, 105.797], [209387127, 3165394666, 120.744], [3165394666, 209387136, 92.531], [209387136, 209387140, 84.547], [209387140, 209387103, 90.264], [209387103, 209387147, 81.886], [209387147, 209387103, 81.886], [209387103, 209387140, 90.264], [209387140, 209387136, 84.547], [209387136, 3165394666, 92.531], [3165394666, 209387127, 120.744], [209387127, 209387112, 105.797], [209387112, 213666597, 77.52799999999999], [213666597, 5415829806, 91.748], [5415829806, 31700078, 3.946], [31700078, 5415829803, 25.854], [5415829803, 300103857, 21.71], [300103857, 303433230, 66.73700000000001], [303433230, 300103857, 66.73700000000001], [300103857, 31700055, 74.452], [31700055, 31700077, 44.017], [31700077, 31700076, 166.029], [31700076, 31700077, 166.029], [31700077, 3964969147, 244.04100000000003], [3964969147, 213649392, 105.511], [213649392, 31700224, 402.172], [31700224, 596999744, 39.69], [596999744, 31700224, 39.69], [31700224, 31700225, 74.08], [31700225, 31700226, 63.253], [31700226, 213649418, 113.37399999999998], [213649418, 126102457, 28.562], [126102457, 3405413274, 36.062], [3405413274, 3405413277, 95.218], [3405413277, 3405413274, 95.218], [3405413274, 31700228, 180.983], [31700228, 221112922, 142.58899999999997], [221112922, 31700228, 142.58899999999997], [31700228, 31700229, 88.286], [31700229, 124504833, 249.377], [124504833, 31700231, 76.293], [31700231, 391531806, 33.848], [391531806, 4504112773, 152.567], [4504112773, 4504112778, 36.303000000000004], [4504112778, 31776943, 69.708], [31776943, 867289567, 41.431], [867289567, 867289562, 35.649], [867289562, 867289567, 35.649], [867289567, 221101697, 123.95400000000001], [221101697, 221101690, 70.238], [221101690, 124502593, 241.95299999999997], [124502593, 221108180, 68.515], [221108180, 124502593, 68.515], [124502593, 221091287, 171.75099999999998], [221091287, 221091275, 78.403], [221091275, 437788057, 85.304], [437788057, 437732887, 415.012], [437732887, 221101701, 85.801], [221101701, 437732887, 85.801], [437732887, 437788239, 77.467], [437788239, 437731034, 82.841], [437731034, 438111583, 10.924], [438111583, 31776941, 75.17699999999999], [31776941, 438111583, 75.17699999999999], [438111583, 438111584, 71.089], [438111584, 221075916, 154.711], [221075916, 438111584, 154.711], [438111584, 437733314, 59.965], [437733314, 1851835123, 40.983], [1851835123, 31777153, 179.96200000000002], [31777153, 1851835123, 179.96200000000002], [1851835123, 31700819, 78.93100000000001], [31700819, 31700818, 34.426], [31700818, 221075916, 58.877], [221075916, 31776942, 70.369], [31776942, 221101690, 163.896], [221101690, 221101701, 78.822], [221101701, 221091275, 414.35200000000003], [221091275, 221101701, 414.35200000000003], [221101701, 31776941, 162.25900000000001], [31776941, 31776942, 79.972], [31776942, 31776943, 69.616], [31776943, 124524582, 128.903], [124524582, 31700818, 70.635], [31700818, 31700819, 34.426], [31700819, 31777152, 178.817], [31777152, 29795236, 92.579], [29795236, 29795237, 108.126], [29795237, 31777153, 156.221], [31777153, 31777152, 79.937], [31777152, 29795235, 44.655], [29795235, 29239079, 187.80200000000002], [29239079, 124524582, 15.822000000000001], [124524582, 29239079, 15.822000000000001]]