[[110468282, 8891081688, 443.04200000000003], [8891081688, 623609158, 551.423], [623609158, 623609155, 92.59100000000001], [623609155, 8891081678, 715.5269999999999], [8891081678, 8891093461, 664.026], [8891093461, 8891081678, 664.026], [8891081678, 10916654111, 2827.8680000000004], [10916654111, 8891081678, 2827.8680000000004], [8891081678, 623609155, 715.5269999999999], [623609155, 297625650, 832.302], [297625650, 297625667, 166.43], [297625667, 297625650, 166.43], [297625650, 297625667, 166.43], [297625667, 297625697, 82.851], [297625697, 297625695, 59.661], [297625695, 297625762, 80.501], [297625762, 297625666, 77.917], [297625666, 297625695, 182.743], [297625695, 297625697, 59.661], [297625697, 297625648, 190.29600000000002], [297625648, 297625649, 121.191], [297625649, 297625648, 121.191], [297625648, 297625580, 41.283], [297625580, 282597769, 173.079], [282597769, 297625580, 173.079], [297625580, 297625607, 81.49300000000001], [297625607, 297625611, 239.021], [297625611, 297625607, 239.021], [297625607, 297625611, 239.021], [297625611, 297625625, 71.124], [297625625, 297625620, 219.30599999999998], [297625620, 297625625, 219.30599999999998], [297625625, 297625620, 219.30599999999998], [297625620, 224843921, 66.23100000000001], [224843921, 224843920, 85.95], [224843920, 297625485, 91.545], [297625485, 297625527, 571.5450000000001], [297625527, 297624036, 38.197], [297624036, 297625527, 38.197], [297625527, 297625485, 571.5450000000001], [297625485, 224843920, 91.545], [224843920, 224843894, 14.611], [224843894, 5387418811, 16.174], [5387418811, 297624033, 64.083], [297624033, 297624032, 93.08], [297624032, 3409334651, 57.869], [3409334651, 297624032, 57.869], [297624032, 623509969, 102.55], [623509969, 3409334650, 83.25], [3409334650, 620809966, 440.61899999999997], [620809966, 3409334650, 440.61899999999997], [3409334650, 3409334651, 7.639], [3409334651, 297623951, 99.55000000000001], [297623951, 297624023, 129.002], [297624023, 297623951, 129.002], [297623951, 297624033, 99.88], [297624033, 5387418811, 64.083], [5387418811, 5387418805, 262.351], [5387418805, 623509969, 82.25999999999999], [623509969, 1260419720, 125.772], [1260419720, 297623883, 76.188], [297623883, 1260419720, 76.188], [1260419720, 620809966, 234.82999999999998], [620809966, 297623936, 141.934], [297623936, 620809966, 141.934], [620809966, 620810053, 95.272], [620810053, 620810066, 171.936], [620810066, 620809986, 76.868], [620809986, 620810063, 136.023], [620810063, 620809983, 80.562], [620809983, 620809986, 208.96], [620809986, 620809992, 215.659], [620809992, 620810063, 85.189], [620810063, 620809983, 80.562], [620809983, 297623876, 89.98], [297623876, 620810053, 207.077], [620810053, 620810066, 171.936], [620810066, 297623910, 167.791], [297623910, 4503806282, 77.976], [4503806282, 4503806285, 46.184], [4503806285, 4503806281, 11.671], [4503806281, 4503806489, 334.131], [4503806489, 4667725321, 84.134], [4667725321, 4667725323, 36.473], [4667725323, 4667725324, 12.485], [4667725324, 4667725322, 36.097], [4667725322, 4667725324, 36.097], [4667725324, 224826179, 31.203], [224826179, 224826175, 16.583], [224826175, 297623916, 439.61699999999996], [297623916, 224843931, 285.251], [224843931, 297623916, 285.251], [297623916, 224843931, 285.251], [224843931, 224843930, 199.826], [224843930, 224843931, 199.826], [224843931, 3409336043, 14.521], [3409336043, 224826210, 203.54799999999997], [224826210, 3409336043, 203.54799999999997], [3409336043, 297623919, 277.019], [297623919, 297623916, 17.665], [297623916, 224826175, 439.61699999999996], [224826175, 224826171, 170.86599999999999], [224826171, 224826175, 170.86599999999999], [224826175, 224826179, 16.583], [224826179, 4667725323, 31.196], [4667725323, 4667725321, 36.473], [4667725321, 4667725322, 12.379], [4667725322, 4503806492, 83.866], [4503806492, 4503806285, 177.775], [4503806285, 4503806282, 46.184], [4503806282, 4503806279, 11.546], [4503806279, 620809843, 280.38100000000003], [620809843, 4503806279, 280.38100000000003], [4503806279, 4503806281, 46.069], [4503806281, 4503806489, 334.131], [4503806489, 4503806492, 12.147], [4503806492, 297623875, 79.707], [297623875, 620809992, 83.506], [620809992, 297623875, 83.506], [297623875, 297623910, 220.668], [297623910, 4503806282, 77.976], [4503806282, 620809843, 279.328], [620809843, 297623828, 319.406], [297623828, 950760817, 171.644], [950760817, 297623828, 171.644], [297623828, 620809759, 271.193], [620809759, 297623827, 233.15599999999998], [297623827, 620809759, 233.15599999999998], [620809759, 623324627, 81.454], [623324627, 297623824, 82.126], [297623824, 297623819, 248.71], [297623819, 297623824, 248.71], [297623824, 297623819, 248.71], [297623819, 297623735, 165.3], [297623735, 297623748, 102.31199999999998], [297623748, 297623804, 64.88499999999999], [297623804, 297623739, 249.6], [297623739, 297623783, 86.629], [297623783, 297623772, 331.661], [297623772, 297623756, 315.9], [297623756, 297623772, 315.9], [297623772, 297623748, 82.149], [297623748, 297623804, 64.88499999999999], [297623804, 297623788, 79.369], [297623788, 297623805, 80.449], [297623805, 620809745, 101.153], [620809745, 297623788, 203.219], [297623788, 297623805, 80.449], [297623805, 297623806, 75.292], [297623806, 623324627, 161.079], [623324627, 620809759, 81.454], [620809759, 620809843, 86.78399999999999], [620809843, 620809764, 89.069], [620809764, 297623294, 246.154], [297623294, 620809764, 246.154], [620809764, 623509955, 120.818], [623509955, 623509954, 42.075], [623509954, 623509955, 42.075], [623509955, 297623295, 36.353], [297623295, 623509955, 36.353], [623509955, 620809764, 120.818], [620809764, 297622966, 84.016], [297622966, 297623056, 245.74099999999999], [297623056, 297623065, 310.617], [297623065, 297623080, 73.45400000000001], [297623080, 297623087, 123.77300000000002], [297623087, 297623096, 97.868], [297623096, 297623094, 124.58600000000001], [297623094, 297622951, 70.612], [297622951, 297622949, 105.088], [297622949, 297622951, 105.088], [297622951, 297623094, 70.612], [297623094, 297623096, 124.58600000000001], [297623096, 297623087, 97.868], [297623087, 297623079, 13.743], [297623079, 297623080, 11.996], [297623080, 297623065, 73.45400000000001], [297623065, 297623053, 76.624], [297623053, 297622975, 63.72599999999999], [297622975, 297623053, 63.72599999999999], [297623053, 297622975, 63.72599999999999], [297622975, 297623056, 83.077], [297623056, 297622966, 245.74099999999999], [297622966, 297623226, 25.11], [297623226, 297623281, 122.739], [297623281, 297623226, 122.739], [297623226, 297623067, 270.399], [297623067, 297623079, 98.397], [297623079, 297623067, 98.397], [297623067, 297622567, 242.447], [297622567, 297622949, 68.73400000000001], [297622949, 297622567, 68.73400000000001], [297622567, 297622544, 387.10200000000003], [297622544, 297622558, 69.33], [297622558, 297622544, 69.33], [297622544, 623509949, 116.498], [623509949, 297622545, 23.237], [297622545, 623509949, 23.237], [623509949, 623509948, 174.098], [623509948, 297622544, 48.051], [297622544, 623509948, 48.051], [623509948, 297622542, 39.781], [297622542, 297622543, 151.512], [297622543, 297622542, 151.512], [297622542, 620814341, 269.38800000000003], [620814341, 297622537, 136.626], [297622537, 620814341, 136.626], [620814341, 297622542, 269.38800000000003], [297622542, 620814341, 269.38800000000003], [620814341, 297622436, 65.046], [297622436, 297622428, 133.474], [297622428, 297622436, 133.474], [297622436, 297622385, 3.78], [297622385, 297622386, 104.003], [297622386, 297622386, 69.45100000000001], [297622386, 297622386, 69.45100000000001], [297622386, 297622385, 104.003], [297622385, 297622428, 29.469], [297622428, 297622268, 74.249], [297622268, 297622338, 141.505], [297622338, 297622268, 141.505], [297622268, 297622338, 141.505], [297622338, 297622339, 8.582], [297622339, 297622340, 97.462], [297622340, 297622340, 80.233], [297622340, 297622340, 80.233], [297622340, 297622339, 97.462], [297622339, 297622262, 72.647], [297622262, 297622266, 143.808], [297622266, 297622262, 143.808], [297622262, 623509936, 92.443], [623509936, 623509930, 97.529], [623509930, 623509936, 97.529], [623509936, 297622251, 99.722], [297622251, 297622253, 96.21700000000001], [297622253, 297622251, 96.21700000000001], [297622251, 297622249, 65.652], [297622249, 297622250, 145.011], [297622250, 297622249, 145.011], [297622249, 623509919, 84.69200000000001], [623509919, 623509937, 70.989], [623509937, 623509919, 70.989], [623509919, 620814333, 84.202], [620814333, 297622192, 144.548], [297622192, 620814333, 144.548], [620814333, 623509919, 84.202], [623509919, 623509921, 116.61500000000001], [623509921, 290233367, 44.792], [290233367, 623509921, 44.792], [623509921, 620814333, 205.37900000000002], [620814333, 297622193, 86.973], [297622193, 297622194, 153.16600000000003], [297622194, 297622193, 153.16600000000003], [297622193, 295801587, 44.083], [295801587, 617477428, 157.19000000000003], [617477428, 617477429, 208.307], [617477429, 621016936, 265.909], [621016936, 621016935, 80.152], [621016935, 617477427, 265.823], [617477427, 617477443, 80.107], [617477443, 295801558, 255.413], [295801558, 295801544, 81.073], [295801544, 617477436, 282.752], [617477436, 295801539, 265.644], [295801539, 1260395764, 131.649], [1260395764, 295801539, 131.649], [295801539, 617477433, 73.392], [617477433, 621016675, 159.921], [621016675, 621016693, 26.714], [621016693, 4502527429, 88.994], [4502527429, 4502527428, 9.828], [4502527428, 4035259438, 26.044], [4035259438, 4035259445, 86.34200000000001], [4035259445, 2328418640, 9.92], [2328418640, 4035259445, 9.92], [4035259445, 621016696, 62.727000000000004], [621016696, 4035259438, 61.419000000000004], [4035259438, 4502527428, 26.044], [4502527428, 4502527430, 77.988], [4502527430, 4502527431, 8.431], [4502527431, 295801396, 175.267], [295801396, 4502527431, 175.267], [4502527431, 4502527429, 77.677], [4502527429, 621016693, 88.994], [621016693, 224826112, 134.811], [224826112, 621016693, 134.811], [621016693, 621016696, 11.643], [621016696, 621016672, 30.204], [621016672, 4035259437, 69.04], [4035259437, 4035259430, 93.441], [4035259430, 4035259437, 93.441], [4035259437, 617477456, 89.559], [617477456, 617477476, 80.82300000000001], [617477476, 923862524, 151.703], [923862524, 2328418640, 87.119], [2328418640, 224826155, 87.49], [224826155, 4035259425, 203.40399999999997], [4035259425, 2328418657, 92.88300000000001], [2328418657, 224826093, 173.717], [224826093, 2328418657, 173.717], [2328418657, 2328418671, 95.62899999999999], [2328418671, 4035259419, 74.569], [4035259419, 2328418671, 74.569], [2328418671, 224826129, 58.937999999999995], [224826129, 4035259425, 88.636], [4035259425, 224873214, 211.807], [224873214, 224873212, 104.293], [224873212, 369552071, 187.53400000000002], [369552071, 224873212, 187.53400000000002], [224873212, 224873210, 96.454], [224873210, 4667313100, 91.91499999999999], [4667313100, 4667313103, 27.591], [4667313103, 297626314, 372.615], [297626314, 4667313103, 372.615], [4667313103, 297626295, 32.394000000000005], [297626295, 4667313100, 27.317], [4667313100, 297626295, 27.317], [297626295, 369551878, 115.896], [369551878, 4101043565, 95.19500000000001], [4101043565, 369551878, 95.19500000000001], [369551878, 595748562, 148.333], [595748562, 8891358329, 47.367], [8891358329, 8891331289, 61.660000000000004], [8891331289, 8891331273, 348.808], [8891331273, 8892226321, 274.09900000000005], [8892226321, 8891331273, 274.09900000000005], [8891331273, 8893001423, 262.57699999999994], [8893001423, 10916608851, 15.295], [10916608851, 8893001423, 15.295], [8893001423, 8891331165, 216.59299999999996], [8891331165, 369547030, 174.68200000000002], [369547030, 8891331165, 174.68200000000002], [8891331165, 8891331240, 307.376], [8891331240, 224867651, 171.70700000000002], [224867651, 8891331240, 171.70700000000002], [8891331240, 369550841, 400.87499999999994], [369550841, 4101043565, 151.135], [4101043565, 617477421, 190.91700000000003], [617477421, 617477422, 213.433], [617477422, 617477414, 422.696], [617477414, 369552023, 82.243], [369552023, 369552022, 154.031], [369552022, 369552023, 154.031], [369552023, 617477414, 82.243], [617477414, 617477422, 422.696], [617477422, 297626123, 83.135], [297626123, 297626124, 117.15799999999999], [297626124, 297626123, 117.15799999999999], [297626123, 297626124, 117.15799999999999], [297626124, 297626123, 117.15799999999999], [297626123, 617477422, 83.135], [617477422, 617477414, 422.696], [617477414, 297626230, 267.521], [297626230, 369552025, 79.703], [369552025, 621015646, 85.564], [621015646, 617477413, 265.956], [617477413, 297627054, 160.122], [297627054, 617477413, 160.122], [617477413, 297625994, 331.342], [297625994, 617477413, 331.342], [617477413, 369552023, 84.572], [369552023, 369552025, 266.718], [369552025, 224867597, 76.72399999999999], [224867597, 224873214, 59.56699999999999], [224873214, 369552074, 118.705], [369552074, 369552071, 78.463], [369552071, 369552074, 78.463], [369552074, 369552028, 79.108], [369552028, 224826129, 77.019], [224826129, 369552028, 77.019], [369552028, 224826116, 78.625], [224826116, 369552071, 78.828], [369552071, 297626247, 70.407], [297626247, 369552071, 70.407], [369552071, 224826116, 78.828], [224826116, 224826075, 71.874], [224826075, 297626247, 75.466], [297626247, 224873210, 256.047], [224873210, 617477421, 57.64600000000001], [617477421, 224867602, 83.13000000000001], [224867602, 297626230, 9.314], [297626230, 224867602, 9.314], [224867602, 224867597, 116.646], [224867597, 297627055, 117.759], [297627055, 224826155, 294.877], [224826155, 297627055, 294.877], [297627055, 621015646, 158.5], [621015646, 297625993, 72.44600000000001], [297625993, 297625988, 199.96500000000003], [297625988, 297626045, 193.488], [297626045, 297626046, 46.86], [297626046, 297626046, 64.06], [297626046, 297626046, 64.06], [297626046, 297626045, 46.86], [297626045, 297626031, 117.379], [297626031, 297625988, 288.682], [297625988, 297625993, 199.96500000000003], [297625993, 297625994, 4.047], [297625994, 297625973, 266.78499999999997], [297625973, 297626031, 80.99], [297626031, 297625973, 80.99], [297625973, 295801400, 80.632], [295801400, 4502527430, 174.568], [4502527430, 295801400, 174.568], [295801400, 295801396, 8.437000000000001], [295801396, 297625927, 231.548], [297625927, 8892951038, 228.17], [8892951038, 8892951038, 90.36], [8892951038, 297625927, 228.17], [297625927, 4667440697, 196.55700000000002], [4667440697, 297625927, 196.55700000000002], [297625927, 5349628393, 355.96399999999994], [5349628393, 295801588, 79.61500000000001], [295801588, 5349628393, 79.61500000000001], [5349628393, 5349628392, 81.363], [5349628392, 4667313098, 93.363], [4667313098, 5349628392, 93.363], [5349628392, 224826112, 15.577], [224826112, 621016675, 133.911], [621016675, 621016672, 12.076], [621016672, 4035259430, 57.400000000000006], [4035259430, 923862524, 22.433], [923862524, 224826093, 86.548], [224826093, 617477453, 150.39700000000002], [617477453, 295801440, 185.21699999999998], [295801440, 295801441, 85.97], [295801441, 295801440, 85.97], [295801440, 295801439, 86.442], [295801439, 295801438, 14.89], [295801438, 295801431, 126.61699999999999], [295801431, 295801438, 126.61699999999999], [295801438, 295801439, 14.89], [295801439, 617477453, 98.751], [617477453, 617477476, 84.742], [617477476, 617477469, 265.456], [617477469, 617477458, 81.1], [617477458, 617477456, 265.561], [617477456, 617477433, 9.776], [617477433, 617477432, 265.562], [617477432, 617477436, 74.612], [617477436, 617477443, 76.222], [617477443, 295801593, 265.723], [295801593, 295801539, 77.174], [295801539, 295801593, 77.174], [295801593, 621016935, 80.41], [621016935, 295801592, 219.679], [295801592, 621016936, 145.019], [621016936, 295801586, 81.282], [295801586, 295801618, 6.154], [295801618, 295801584, 67.284], [295801584, 617477431, 266.087], [617477431, 295801599, 205.517], [295801599, 295801561, 73.285], [295801561, 617477428, 80.376], [617477428, 295801546, 83.239], [295801546, 617477427, 228.441], [617477427, 617477429, 80.379], [617477429, 617477430, 81.956], [617477430, 617477431, 72.797], [617477431, 617477423, 69.164], [617477423, 295801583, 266.165], [295801583, 295801579, 73.428], [295801579, 295801583, 73.428], [295801583, 295801584, 69.568], [295801584, 295801618, 67.284], [295801618, 4937016320, 425.77099999999996], [4937016320, 295801601, 38.088], [295801601, 4937016320, 38.088], [4937016320, 4937016319, 33.352], [4937016319, 295801578, 32.297], [295801578, 4937016319, 32.297], [4937016319, 295801601, 17.495], [295801601, 617477426, 278.39300000000003], [617477426, 295801564, 179.342], [295801564, 295801554, 88.027], [295801554, 295801564, 88.027], [295801564, 295801554, 88.027], [295801554, 295801552, 69.702], [295801552, 295801554, 69.702], [295801554, 617477426, 169.651], [617477426, 617477425, 65.778], [617477425, 295801552, 196.025], [295801552, 295801550, 68.71000000000001], [295801550, 295801580, 74.727], [295801580, 617477423, 205.924], [617477423, 617477424, 73.608], [617477424, 617477425, 67.918], [617477425, 295801578, 266.319], [295801578, 295801579, 66.484], [295801579, 617477424, 266.247], [617477424, 295801550, 206.344], [295801550, 295801580, 74.727], [295801580, 295801599, 68.735], [295801599, 295801561, 73.285], [295801561, 617477430, 205.105], [617477430, 295801586, 266.001], [295801586, 621016936, 81.282], [621016936, 295801592, 145.019], [295801592, 295801588, 21.986], [295801588, 224826168, 555.849], [224826168, 4503806267, 19.678], [4503806267, 295801700, 75.742], [295801700, 295801720, 33.837], [295801720, 295801734, 14.144], [295801734, 295801734, 73.532], [295801734, 295801720, 14.144], [295801720, 295801704, 102.797], [295801704, 295801684, 248.059], [295801684, 295801704, 248.059], [295801704, 295801745, 82.873], [295801745, 295801725, 85.84], [295801725, 295801733, 88.241], [295801733, 295801751, 16.459], [295801751, 295801733, 16.459], [295801733, 295801751, 16.459], [295801751, 295801721, 259.174], [295801721, 295801725, 160.998], [295801725, 295801745, 85.84], [295801745, 295801749, 204.067], [295801749, 295801721, 71.098], [295801721, 295801749, 71.098], [295801749, 295801684, 70.483], [295801684, 295801683, 75.446], [295801683, 4503806268, 72.896], [4503806268, 295801683, 72.896], [295801683, 295801700, 251.764], [295801700, 4503806267, 75.742], [4503806267, 4503806268, 237.784], [4503806268, 295801682, 20.674], [295801682, 621014056, 25.823], [621014056, 295801681, 87.284], [295801681, 4660551087, 46.426], [4660551087, 295801681, 46.426], [295801681, 4660551083, 44.137], [4660551083, 295801648, 69.877], [295801648, 4660551083, 69.877], [4660551083, 4660551080, 214.45], [4660551080, 4660551084, 90.92599999999999], [4660551084, 295801642, 112.562], [295801642, 295801753, 67.38], [295801753, 295801631, 151.252], [295801631, 295801753, 151.252], [295801753, 295801642, 67.38], [295801642, 8595821053, 73.968], [8595821053, 8595842238, 291.783], [8595842238, 8595821053, 291.783], [8595821053, 295801632, 286.351], [295801632, 295801631, 69.778], [295801631, 295801632, 69.778], [295801632, 4660551087, 112.572], [4660551087, 4660551084, 214.975], [4660551084, 4660551080, 90.92599999999999], [4660551080, 295801646, 68.58], [295801646, 621013491, 283.048], [621013491, 295801648, 112.642], [295801648, 295801657, 69.679], [295801657, 295801650, 136.85799999999998], [295801650, 295801657, 136.85799999999998], [295801657, 295801650, 136.85799999999998], [295801650, 295801646, 67.706], [295801646, 621013491, 283.048], [621013491, 295801659, 87.425], [295801659, 295801624, 26.116], [295801624, 295801659, 26.116], [295801659, 621014056, 228.939], [621014056, 224826168, 259.267], [224826168, 295801682, 234.125], [295801682, 295801624, 229.535], [295801624, 598419216, 338.242], [598419216, 1260385206, 278.431], [1260385206, 4667439968, 598.4929999999999], [4667439968, 4667439968, 114.644], [4667439968, 4667439968, 114.644], [4667439968, 1260385206, 598.4929999999999], [1260385206, 1260385182, 79.069], [1260385182, 1260385200, 77.281], [1260385200, 1260385196, 65.184], [1260385196, 1260385192, 72.482], [1260385192, 1260385196, 72.482], [1260385196, 1260385200, 65.184], [1260385200, 1260385182, 77.281], [1260385182, 1260385198, 232.159], [1260385198, 8647729648, 45.171], [8647729648, 1260385198, 45.171], [1260385198, 1260385182, 232.159], [1260385182, 1260385206, 79.069], [1260385206, 598419216, 278.431], [598419216, 224826171, 554.1320000000001], [224826171, 598419216, 554.1320000000001], [598419216, 224826171, 554.1320000000001], [224826171, 224826179, 170.406], [224826179, 297623919, 436.03900000000004], [297623919, 297623876, 133.518], [297623876, 297623936, 163.27], [297623936, 297623883, 216.57], [297623883, 5387418805, 131.99], [5387418805, 224843856, 30.383000000000003], [224843856, 224843894, 270.555], [224843894, 4007744799, 249.43099999999998], [4007744799, 4007744795, 10.708], [4007744795, 4007744799, 10.708], [4007744799, 224843772, 32.076], [224843772, 224843836, 83.07600000000001], [224843836, 224843913, 135.127], [224843913, 224843836, 135.127], [224843836, 2305542058, 58.83], [2305542058, 2305542054, 54.726], [2305542054, 2305542048, 48.873999999999995], [2305542048, 1260361812, 26.939], [1260361812, 2305542048, 26.939], [2305542048, 623509974, 75.392], [623509974, 2305542048, 75.392], [2305542048, 2305542054, 48.873999999999995], [2305542054, 2306287831, 49.012], [2306287831, 2305542054, 49.012], [2305542054, 2305542058, 54.726], [2305542058, 2306287831, 14.805], [2306287831, 3409334632, 60.149], [3409334632, 2306287831, 60.149], [2306287831, 224843845, 145.451], [224843845, 3409334632, 200.031], [3409334632, 224843813, 9.923], [224843813, 3409334632, 9.923], [3409334632, 224843813, 9.923], [224843813, 224843688, 210.543], [224843688, 224843700, 76.21600000000001], [224843700, 224843782, 28.425000000000004], [224843782, 224843700, 28.425000000000004], [224843700, 4007744795, 21.357], [4007744795, 224843673, 403.36999999999995], [224843673, 623509972, 88.315], [623509972, 297623624, 191.792], [297623624, 297623623, 165.87599999999998], [297623623, 620809846, 55.521], [620809846, 297623620, 93.265], [297623620, 297623653, 66.086], [297623653, 297623620, 66.086], [297623620, 297623582, 167.111], [297623582, 620809846, 78.8], [620809846, 297623580, 52.216], [297623580, 297623623, 101.957], [297623623, 297623624, 165.87599999999998], [297623624, 297623535, 93.051], [297623535, 297623582, 178.499], [297623582, 297623577, 163.252], [297623577, 950761112, 103.686], [950761112, 297623577, 103.686], [297623577, 950760969, 47.556], [950760969, 1260361813, 72.657], [1260361813, 950760969, 72.657], [950760969, 297623627, 222.704], [297623627, 5263850780, 85.683], [5263850780, 5263850780, 70.70200000000003], [5263850780, 297623627, 85.683], [297623627, 297623592, 117.166], [297623592, 297623576, 229.519], [297623576, 297623592, 229.519], [297623592, 297623530, 301.74500000000006], [297623530, 297623535, 159.68], [297623535, 297623582, 178.499], [297623582, 297623577, 163.252], [297623577, 297623576, 43.298], [297623576, 297623530, 95.15299999999999], [297623530, 297623535, 159.68], [297623535, 297623624, 93.051], [297623624, 623509972, 191.792], [623509972, 623509971, 74.71499999999999], [623509971, 297623721, 51.392], [297623721, 297623733, 242.60199999999998], [297623733, 297623721, 242.60199999999998], [297623721, 297623733, 242.60199999999998], [297623733, 297623734, 83.529], [297623734, 297623740, 81.635], [297623740, 297623734, 81.635], [297623734, 297623580, 128.699], [297623580, 297623653, 109.628], [297623653, 297623579, 386.45199999999994], [297623579, 297623740, 76.559], [297623740, 297623668, 236.85500000000002], [297623668, 297623688, 71.854], [297623688, 297623668, 71.854], [297623668, 297623756, 53.424], [297623756, 297623579, 112.577], [297623579, 297623438, 56.248], [297623438, 297623764, 30.268], [297623764, 297623764, 64.923], [297623764, 297623438, 30.268], [297623438, 297623783, 116.68900000000001], [297623783, 297623739, 86.629], [297623739, 950760817, 173.108], [950760817, 620809745, 82.425], [620809745, 297623806, 149.27300000000002], [297623806, 623324627, 161.079], [623324627, 623509961, 154.42399999999998], [623509961, 623509956, 64.80699999999999], [623509956, 623509956, 45.05500000000001], [623509956, 623509961, 64.80699999999999], [623509961, 297623735, 79.131], [297623735, 297624052, 90.671], [297624052, 297624054, 80.00500000000001], [297624054, 297624054, 55.55500000000001], [297624054, 297624054, 55.55500000000001], [297624054, 297624052, 80.00500000000001], [297624052, 224843673, 237.267], [224843673, 224843688, 332.55100000000004], [224843688, 224843673, 332.55100000000004], [224843673, 623509972, 88.315], [623509972, 623509971, 74.71499999999999], [623509971, 620809817, 81.45], [620809817, 297623688, 115.41499999999999], [297623688, 620809817, 115.41499999999999], [620809817, 224843673, 97.969], [224843673, 224843688, 332.55100000000004], [224843688, 224843813, 210.543], [224843813, 224843782, 97.686], [224843782, 224843772, 42.897], [224843772, 224843913, 62.498000000000005], [224843913, 224843920, 201.39999999999998], [224843920, 224843921, 85.95], [224843921, 297625641, 170.716], [297625641, 950760884, 21.732], [950760884, 297625641, 21.732], [297625641, 224843928, 18.308], [224843928, 950760884, 9.423], [950760884, 282597769, 74.75399999999999], [282597769, 224843930, 29.842], [224843930, 224843928, 62.483999999999995], [224843928, 224843856, 15.895], [224843856, 224826210, 59.918], [224826210, 224843930, 18.667], [224843930, 282597769, 29.842], [282597769, 297625580, 173.079], [297625580, 297625648, 41.283], [297625648, 297625697, 190.29600000000002], [297625697, 297625667, 82.851], [297625667, 297625762, 86.966], [297625762, 3443016828, 160.922], [3443016828, 297625666, 234.565], [297625666, 3443016828, 234.565], [3443016828, 297625650, 101.7], [297625650, 623609155, 832.302], [623609155, 623609158, 92.59100000000001], [623609158, 2579937060, 3312.1220000000003], [2579937060, 595748546, 209.03500000000003], [595748546, 2579937060, 209.03500000000003], [2579937060, 2579937072, 677.167], [2579937072, 2629837300, 143.882], [2629837300, 2629837300, 98.728], [2629837300, 2629837300, 98.728], [2629837300, 2579937072, 143.882], [2579937072, 1260924563, 765.894], [1260924563, 2579937073, 96.313], [2579937073, 2579937073, 108.55499999999999], [2579937073, 3750283805, 117.019], [3750283805, 3750283805, 100.88199999999999], [3750283805, 2579937073, 117.019], [2579937073, 1260924563, 96.313], [1260924563, 1260924583, 145.658], [1260924583, 2579044193, 66.411], [2579044193, 2579044200, 120.42499999999998], [2579044200, 2579044201, 20.363], [2579044201, 2579044210, 288.569], [2579044210, 3355795134, 59.2], [3355795134, 3750287089, 99.644], [3750287089, 3355795135, 338.284], [3355795135, 3750287089, 338.284], [3750287089, 3355795135, 338.284], [3355795135, 3355795134, 9.903], [3355795134, 2579044210, 59.2], [2579044210, 2579044217, 7.138], [2579044217, 2579044211, 89.687], [2579044211, 2579044217, 89.687], [2579044217, 2579044211, 89.687], [2579044211, 2579044201, 36.496], [2579044201, 2579044200, 20.363], [2579044200, 2579044193, 120.42499999999998], [2579044193, 1260924583, 66.411], [1260924583, 2579044189, 76.517], [2579044189, 2579044182, 97.80499999999999], [2579044182, 2579044189, 97.80499999999999], [2579044189, 2579044182, 97.80499999999999], [2579044182, 595748529, 85.682], [595748529, 595748521, 88.683], [595748521, 595748525, 101.529], [595748525, 595748527, 106.276], [595748527, 595748525, 106.276], [595748525, 595748532, 91.05], [595748532, 282597817, 248.48700000000002], [282597817, 1260924583, 148.859], [1260924583, 1260924563, 145.658], [1260924563, 595748546, 112.432], [595748546, 282597817, 104.367], [282597817, 595748532, 248.48700000000002], [595748532, 595748529, 112.65099999999998], [595748529, 595748462, 504.99100000000004], [595748462, 595748409, 383.99300000000005], [595748409, 2629837506, 416.012], [2629837506, 595748365, 183.56400000000002], [595748365, 595748411, 183.94000000000003], [595748411, 595748409, 417.334], [595748409, 595748474, 85.59700000000001], [595748474, 595748484, 287.733], [595748484, 595748474, 287.733], [595748474, 595748425, 184.37199999999999], [595748425, 595748482, 97.053], [595748482, 8892360938, 1621.1059999999998], [8892360938, 595748482, 1621.1059999999998], [595748482, 595748419, 97.483], [595748419, 595748376, 196.21699999999998], [595748376, 595748419, 196.21699999999998], [595748419, 595748425, 10.02], [595748425, 595748385, 194.85], [595748385, 595748386, 84.574], [595748386, 595748353, 68.061], [595748353, 595748454, 843.151], [595748454, 595748388, 757.193], [595748388, 595748385, 53.230999999999995], [595748385, 595748376, 9.035], [595748376, 5305594197, 491.79400000000004], [5305594197, 595748376, 491.79400000000004], [595748376, 595748419, 196.21699999999998], [595748419, 595748482, 97.483], [595748482, 8892360938, 1621.1059999999998], [8892360938, 8891358171, 833.6950000000003], [8891358171, 10916654111, 271.11699999999996], [10916654111, 8891358171, 271.11699999999996], [8891358171, 10916654111, 271.11699999999996], [10916654111, 8891037274, 1421.5070000000003], [8891037274, 6376589291, 223.202], [6376589291, 8891037274, 223.202], [8891037274, 3051145131, 770.094], [3051145131, 3051145128, 180.97400000000002], [3051145128, 656415498, 207.349], [656415498, 595748304, 523.0070000000001], [595748304, 656415498, 523.0070000000001], [656415498, 6376589291, 161.159], [6376589291, 8892258632, 70.979], [8892258632, 632183298, 98.755], [632183298, 8892258632, 98.755], [8892258632, 4502525666, 208.268], [4502525666, 4502525667, 15.773], [4502525667, 4502525666, 15.773], [4502525666, 632183303, 220.215], [632183303, 595748307, 228.057], [595748307, 595748311, 237.729], [595748311, 595748307, 237.729], [595748307, 595748304, 124.604], [595748304, 595748296, 329.654], [595748296, 595748293, 145.0], [595748293, 595748296, 145.0], [595748296, 595748295, 232.101], [595748295, 595748292, 69.05799999999999], [595748292, 595748295, 69.05799999999999], [595748295, 595748311, 456.618], [595748311, 595748312, 229.772], [595748312, 632183303, 240.626], [632183303, 305092556, 13.509], [305092556, 305092424, 461.682], [305092424, 305092556, 461.682], [305092556, 595748314, 240.536], [595748314, 595748312, 16.292], [595748312, 293304288, 232.735], [293304288, 4667249879, 188.524], [4667249879, 4667249878, 17.091], [4667249878, 4667249880, 60.572], [4667249880, 4667249882, 159.906], [4667249882, 4667249883, 16.821], [4667249883, 4667249881, 159.635], [4667249881, 4667249880, 16.995], [4667249880, 4667249878, 60.572], [4667249878, 224817696, 189.99200000000002], [224817696, 293304288, 17.269], [293304288, 4667249879, 188.524], [4667249879, 4667249881, 61.734], [4667249881, 4667249883, 159.635], [4667249883, 4667249885, 61.758], [4667249885, 294966982, 184.171], [294966982, 4667249887, 49.254], [4667249887, 4667250389, 45.157], [4667250389, 4667249888, 14.417], [4667249888, 4667249886, 45.291], [4667249886, 4667249888, 45.291], [4667249888, 595748302, 58.776], [595748302, 4667250390, 77.962], [4667250390, 4667250391, 14.661], [4667250391, 595748303, 76.764], [595748303, 4667250391, 76.764], [4667250391, 4667250393, 54.103], [4667250393, 4667250392, 15.758], [4667250392, 4667250390, 54.35], [4667250390, 595748302, 77.962], [595748302, 595748303, 13.119], [595748303, 595748300, 73.967], [595748300, 595748303, 73.967], [595748303, 4667250389, 59.779], [4667250389, 4667249887, 45.157], [4667249887, 4667249886, 15.442], [4667249886, 294966981, 49.638999999999996], [294966981, 294966982, 16.556], [294966982, 4667249885, 184.171], [4667249885, 4667249884, 16.758], [4667249884, 4667249882, 61.533], [4667249882, 4667249884, 61.533], [4667249884, 294966981, 183.912], [294966981, 597658325, 83.391], [597658325, 597658330, 165.539], [597658330, 597658309, 75.093], [597658309, 597658310, 166.968], [597658310, 597658311, 162.70299999999997], [597658311, 597658318, 69.169], [597658318, 597658319, 164.863], [597658319, 597658310, 68.822], [597658310, 597658326, 74.737], [597658326, 597658327, 70.336], [597658327, 597658328, 79.866], [597658328, 597658323, 162.846], [597658323, 597658308, 163.285], [597658308, 294967417, 80.682], [294967417, 597658322, 164.116], [597658322, 597658327, 161.942], [597658327, 597658331, 168.056], [597658331, 294966963, 165.188], [294966963, 294966946, 79.041], [294966946, 294966963, 79.041], [294966963, 597658325, 69.986], [597658325, 294966987, 75.461], [294966987, 294966996, 68.219], [294966996, 294966987, 68.219], [294966987, 597658309, 164.652], [597658309, 597658320, 68.518], [597658320, 597658319, 166.596], [597658319, 294967727, 72.698], [294967727, 294967591, 152.976], [294967591, 294967469, 115.806], [294967469, 294967591, 115.806], [294967591, 294967597, 229.031], [294967597, 294967598, 77.798], [294967598, 294967673, 81.029], [294967673, 294967685, 282.318], [294967685, 294967668, 71.309], [294967668, 294967673, 116.593], [294967673, 294967685, 282.318], [294967685, 3501113433, 152.41], [3501113433, 3501113436, 34.113], [3501113436, 3501113430, 67.936], [3501113430, 3501113428, 154.267], [3501113428, 3501113430, 154.267], [3501113430, 3501113436, 67.936], [3501113436, 3501113433, 34.113], [3501113433, 294967725, 157.976], [294967725, 1260936538, 60.873], [1260936538, 294967725, 60.873], [294967725, 3501113428, 103.741], [3501113428, 294966970, 62.336], [294966970, 5409540336, 186.20699999999997], [5409540336, 294966984, 46.754], [294966984, 5409540336, 46.754], [5409540336, 294966967, 28.124], [294966967, 294966984, 46.641999999999996], [294966984, 294966983, 29.785], [294966983, 294966998, 72.625], [294966998, 294966983, 72.625], [294966983, 294966996, 72.756], [294966996, 597658320, 164.273], [597658320, 294967469, 146.80100000000002], [294967469, 294966968, 69.521], [294966968, 294966967, 76.631], [294966967, 294966968, 76.631], [294966968, 294966970, 60.422], [294966970, 294967597, 232.87900000000002], [294967597, 294967598, 77.798], [294967598, 294967620, 155.121], [294967620, 294967727, 91.615], [294967727, 294967620, 91.615], [294967620, 294967458, 73.974], [294967458, 294967457, 185.157], [294967457, 294967458, 185.157], [294967458, 597658318, 70.618], [597658318, 597658306, 164.26], [597658306, 597658317, 163.535], [597658317, 597658312, 69.733], [597658312, 597658313, 164.433], [597658313, 623324601, 73.364], [623324601, 597658343, 71.008], [597658343, 597658335, 81.496], [597658335, 597658336, 161.725], [597658336, 597658341, 81.096], [597658341, 597658343, 162.719], [597658343, 597658284, 166.23600000000002], [597658284, 597658282, 71.158], [597658282, 597658280, 73.012], [597658280, 597658313, 164.10000000000002], [597658313, 597658316, 70.034], [597658316, 294967132, 71.978], [294967132, 294967131, 83.452], [294967131, 294967149, 256.861], [294967149, 294967131, 256.861], [294967131, 294967129, 78.589], [294967129, 4938339209, 38.784], [4938339209, 294967112, 70.23], [294967112, 294967125, 262.86100000000005], [294967125, 294967112, 262.86100000000005], [294967112, 4938339209, 70.23], [4938339209, 294967129, 38.784], [294967129, 597658279, 72.184], [597658279, 597658280, 70.327], [597658280, 597658314, 161.88], [597658314, 597658315, 70.631], [597658315, 294967125, 71.932], [294967125, 294967155, 85.368], [294967155, 294967123, 95.29899999999999], [294967123, 294967155, 95.29899999999999], [294967155, 294967149, 346.36], [294967149, 294967242, 359.108], [294967242, 294966935, 157.28099999999998], [294966935, 4667250399, 161.962], [4667250399, 294966935, 161.962], [294966935, 294967243, 15.666], [294967243, 4667250398, 162.92600000000002], [4667250398, 294967243, 162.92600000000002], [294967243, 294967294, 181.526], [294967294, 4502455976, 107.111], [4502455976, 295077506, 193.157], [295077506, 295077898, 97.416], [295077898, 295077617, 52.815], [295077617, 295077803, 74.696], [295077803, 295077825, 115.374], [295077825, 295077837, 78.798], [295077837, 295077619, 78.598], [295077619, 295077837, 78.598], [295077837, 295077838, 115.409], [295077838, 295077616, 78.583], [295077616, 295077838, 78.583], [295077838, 295077803, 79.673], [295077803, 295077825, 115.374], [295077825, 617477485, 74.864], [617477485, 295077767, 52.202], [295077767, 617477485, 52.202], [617477485, 295077886, 76.078], [295077886, 295077617, 39.435], [295077617, 295077886, 39.435], [295077886, 617477489, 298.512], [617477489, 617477491, 236.37599999999998], [617477491, 295077898, 297.163], [295077898, 295077506, 97.416], [295077506, 4502455978, 60.648], [4502455978, 4502470607, 71.703], [4502470607, 4667250397, 60.524], [4667250397, 4502470607, 60.524], [4502470607, 4502470606, 14.644], [4502470606, 4502455977, 72.132], [4502455977, 295077507, 60.751], [295077507, 4502455977, 60.751], [4502455977, 4502455978, 14.769], [4502455978, 295077506, 60.648], [295077506, 295077507, 14.872], [295077507, 4502455975, 192.316], [4502455975, 4502455976, 14.544], [4502455976, 4502455975, 14.544], [4502455975, 282596698, 107.628], [282596698, 294966935, 183.53900000000002], [294966935, 294967242, 157.28099999999998], [294967242, 294967123, 281.275], [294967123, 294966940, 88.044], [294966940, 294966989, 73.317], [294966989, 597658314, 223.102], [597658314, 597658339, 72.661], [597658339, 294966938, 241.125], [294966938, 294966937, 72.669], [294966937, 294966936, 83.815], [294966936, 294966937, 83.815], [294966937, 597658338, 253.802], [597658338, 597658284, 161.58], [597658284, 597658286, 81.908], [597658286, 597658289, 70.702], [597658289, 597658337, 161.271], [597658337, 294967126, 66.36], [294967126, 294966897, 274.034], [294966897, 294966904, 66.264], [294966904, 294966936, 69.483], [294966936, 597658334, 265.79], [597658334, 597658338, 82.322], [597658338, 597658339, 71.326], [597658339, 597658282, 161.717], [597658282, 623324601, 165.244], [623324601, 597658340, 163.522], [597658340, 597658312, 73.701], [597658312, 597658305, 164.719], [597658305, 597658311, 165.291], [597658311, 597658321, 74.401], [597658321, 597658322, 70.492], [597658322, 597658323, 80.272], [597658323, 597658324, 72.083], [597658324, 597658307, 164.906], [597658307, 597658308, 71.965], [597658308, 597658336, 166.759], [597658336, 597658342, 71.864], [597658342, 597658307, 166.754], [597658307, 294967415, 68.159], [294967415, 294967413, 166.752], [294967413, 597658342, 67.42], [597658342, 597658354, 160.877], [597658354, 597658289, 168.53500000000003], [597658289, 294967130, 66.943], [294967130, 294967126, 161.129], [294967126, 294967130, 161.129], [294967130, 292782985, 167.225], [292782985, 294967413, 162.387], [294967413, 294967415, 166.752], [294967415, 623324599, 163.57899999999998], [623324599, 597658324, 68.888], [597658324, 597658329, 161.28900000000002], [597658329, 597658328, 72.161], [597658328, 597658332, 168.152], [597658332, 294966946, 165.966], [294966946, 294966902, 72.367], [294966902, 294966899, 71.078], [294966899, 294966902, 71.078], [294966902, 597658333, 166.019], [597658333, 597658329, 168.902], [597658329, 294967749, 69.597], [294967749, 294967022, 168.614], [294967022, 597658333, 70.33], [597658333, 597658332, 72.275], [597658332, 597658331, 79.443], [597658331, 597658330, 70.159], [597658330, 597658326, 167.385], [597658326, 597658321, 162.328], [597658321, 597658322, 70.492], [597658322, 294967417, 164.116], [294967417, 597658341, 166.777], [597658341, 597658340, 70.824], [597658340, 294967305, 164.836], [294967305, 597658321, 165.605], [597658321, 294967305, 165.605], [294967305, 597658305, 74.045], [597658305, 597658306, 69.438], [597658306, 294967421, 79.032], [294967421, 294967350, 340.32899999999995], [294967350, 294967421, 340.32899999999995], [294967421, 294967457, 314.69399999999996], [294967457, 294967692, 166.157], [29496769