[[218198366, 4488816363, 293.332], [4488816363, 3199250507, 31.6], [3199250507, 3199250662, 124.18699999999998], [3199250662, 3199250682, 100.10400000000001], [3199250682, 4516791317, 72.943], [4516791317, 3199250682, 72.943], [3199250682, 3199250662, 100.10400000000001], [3199250662, 303688021, 129.68200000000002], [303688021, 3199250507, 28.432000000000002], [3199250507, 437823106, 11.334], [437823106, 4488816367, 37.919], [4488816367, 218198379, 83.965], [218198379, 4488816367, 83.965], [4488816367, 4488816373, 51.172], [4488816373, 437823106, 34.16], [437823106, 4488816364, 31.128999999999998], [4488816364, 4488816373, 48.084], [4488816373, 246658124, 132.468], [246658124, 246658074, 139.63], [246658074, 246658122, 91.19800000000001], [246658122, 246658120, 341.577], [246658120, 246658122, 341.577], [246658122, 246658072, 280.986], [246658072, 246658075, 69.355], [246658075, 4474457151, 263.436], [4474457151, 438124871, 121.531], [438124871, 1765465219, 86.072], [1765465219, 246658087, 76.926], [246658087, 1765465204, 284.736], [1765465204, 246658095, 49.695], [246658095, 1765465204, 49.695], [1765465204, 246658087, 284.736], [246658087, 1765465219, 76.926], [1765465219, 246657632, 54.547], [246657632, 246658119, 114.917], [246658119, 1765465224, 65.393], [1765465224, 246658114, 60.711], [246658114, 1765465224, 60.711], [1765465224, 1765465227, 73.778], [1765465227, 1765465230, 13.245000000000001], [1765465230, 1765465227, 13.245000000000001], [1765465227, 246658082, 298.60100000000006], [246658082, 1771623416, 17.736], [1771623416, 8929247888, 36.008], [8929247888, 246658071, 97.452], [246658071, 8929247888, 97.452], [8929247888, 246658078, 25.386999999999997], [246658078, 8929146509, 37.400999999999996], [8929146509, 246658078, 37.400999999999996], [246658078, 1771623416, 39.824], [1771623416, 246658082, 17.736], [246658082, 1765465230, 155.191], [1765465230, 246658070, 71.554], [246658070, 8929247897, 115.408], [8929247897, 8929248220, 20.385], [8929248220, 8929247897, 20.385], [8929247897, 246658071, 27.027], [246658071, 9923452184, 73.665], [9923452184, 246650269, 35.756], [246650269, 9923452184, 35.756], [9923452184, 246653313, 79.29899999999999], [246653313, 246658070, 68.215], [246658070, 246658069, 267.802], [246658069, 246657632, 70.166], [246657632, 246658119, 114.917], [246658119, 246658114, 89.153], [246658114, 246658111, 94.34500000000001], [246658111, 246658033, 265.21], [246658033, 8929146475, 118.78399999999999], [8929146475, 1765465217, 92.271], [1765465217, 8929146475, 92.271], [8929146475, 1756028733, 179.752], [1756028733, 225061889, 1075.757], [225061889, 892643568, 486.57800000000003], [892643568, 8927835581, 966.651], [8927835581, 8927835514, 184.455], [8927835514, 9923060474, 52.42], [9923060474, 8927835514, 52.42], [8927835514, 8927835532, 291.79499999999996], [8927835532, 246653336, 194.49799999999996], [246653336, 1450239297, 482.779], [1450239297, 246653287, 169.93900000000002], [246653287, 1450239297, 169.93900000000002], [1450239297, 9922999804, 111.418], [9922999804, 8927835435, 71.915], [8927835435, 9922999804, 71.915], [9922999804, 1450239181, 59.088], [1450239181, 8927835435, 35.803], [8927835435, 8927835425, 49.533], [8927835425, 8927835495, 209.64599999999996], [8927835495, 8927835425, 209.64599999999996], [8927835425, 4659432010, 61.958999999999996], [4659432010, 4659432009, 15.467], [4659432009, 4659432010, 15.467], [4659432010, 246653288, 85.215], [246653288, 246653289, 118.189], [246653289, 9923060472, 175.60399999999998], [9923060472, 9922999797, 273.81899999999996], [9922999797, 9923060472, 273.81899999999996], [9923060472, 8928576713, 65.12], [8928576713, 8928528217, 33.174], [8928528217, 8927835578, 265.33], [8927835578, 4051954639, 1051.2219999999998], [4051954639, 1756028727, 457.62699999999995], [1756028727, 4051954639, 457.62699999999995], [4051954639, 9922981745, 153.21099999999998], [9922981745, 4051954633, 55.303999999999995], [4051954633, 8928576713, 549.997], [8928576713, 8928528217, 33.174], [8928528217, 2886138551, 212.88400000000001], [2886138551, 8927835603, 226.704], [8927835603, 2886138721, 173.66899999999998], [2886138721, 8927835603, 173.66899999999998], [8927835603, 2886138690, 70.493], [2886138690, 2886138721, 128.883], [2886138721, 8928606723, 142.545], [8928606723, 8928606722, 8.303], [8928606722, 246713717, 8.848], [246713717, 8928606722, 8.848], [8928606722, 246714196, 78.921], [246714196, 246714197, 141.635], [246714197, 246714180, 680.367], [246714180, 246714179, 167.995], [246714179, 246714177, 160.285], [246714177, 246659350, 330.245], [246659350, 246714193, 130.856], [246714193, 246653299, 161.822], [246653299, 4659380899, 69.319], [4659380899, 246714313, 117.741], [246714313, 4659380899, 117.741], [4659380899, 4659380900, 11.072], [4659380900, 1448557334, 117.922], [1448557334, 246714313, 8.591], [246714313, 246653298, 151.11700000000002], [246653298, 4659380893, 45.322], [4659380893, 4659380894, 8.52], [4659380894, 1448557344, 33.606], [1448557344, 4659380892, 50.025], [4659380892, 4659380891, 8.501], [4659380891, 451120804, 24.638], [451120804, 4659380891, 24.638], [4659380891, 246714183, 49.353], [246714183, 4659380893, 34.455], [4659380893, 246714183, 34.455], [246714183, 1448557344, 8.233], [1448557344, 4659380892, 50.025], [4659380892, 1448557412, 24.671], [1448557412, 4555575864, 32.547], [4555575864, 1448557412, 32.547], [1448557412, 451120815, 239.141], [451120815, 1448557412, 239.141], [1448557412, 451120804, 8.652], [451120804, 4555575863, 32.317], [4555575863, 246653297, 43.738], [246653297, 4555575863, 43.738], [4555575863, 4555575864, 9.034], [4555575864, 1448557369, 43.765], [1448557369, 246714013, 172.969], [246714013, 246714010, 246.70099999999996], [246714010, 246714013, 246.70099999999996], [246714013, 246714007, 65.064], [246714007, 246714006, 75.103], [246714006, 246714186, 44.311], [246714186, 246714029, 132.494], [246714029, 246714186, 132.494], [246714186, 246714187, 75.783], [246714187, 451120816, 185.769], [451120816, 451120795, 78.666], [451120795, 246714236, 23.497], [246714236, 246714192, 136.234], [246714192, 246714236, 136.234], [246714236, 246714229, 76.296], [246714229, 1259015073, 194.676], [1259015073, 246714233, 135.383], [246714233, 246714229, 192.20200000000003], [246714229, 246714223, 72.583], [246714223, 246714220, 282.44100000000003], [246714220, 246714223, 282.44100000000003], [246714223, 246714221, 77.352], [246714221, 246714226, 144.793], [246714226, 246714259, 360.832], [246714259, 246714219, 102.174], [246714219, 246714259, 102.174], [246714259, 246714218, 62.952], [246714218, 1259015071, 71.993], [1259015071, 246714218, 71.993], [246714218, 246714255, 324.283], [246714255, 246714205, 73.744], [246714205, 246714226, 76.62], [246714226, 246714221, 144.793], [246714221, 246714220, 246.583], [246714220, 246714219, 99.744], [246714219, 246714216, 63.784], [246714216, 246714215, 85.25], [246714215, 246714233, 70.536], [246714233, 1259015073, 135.383], [1259015073, 1259015074, 73.678], [1259015074, 246665182, 41.959], [246665182, 246714213, 89.333], [246714213, 246665182, 89.333], [246665182, 246665181, 283.378], [246665181, 246665179, 144.589], [246665179, 246665205, 71.654], [246665205, 246665179, 71.654], [246665179, 246665201, 91.608], [246665201, 246665202, 168.557], [246665202, 246665208, 104.36000000000001], [246665208, 246665202, 104.36000000000001], [246665202, 246665201, 168.557], [246665201, 246665199, 71.74], [246665199, 246665206, 169.99499999999998], [246665206, 246665199, 169.99499999999998], [246665199, 246665198, 225.643], [246665198, 246665177, 75.634], [246665177, 246665175, 229.349], [246665175, 246665170, 239.471], [246665170, 246665171, 103.004], [246665171, 246665170, 103.004], [246665170, 246665168, 176.93399999999997], [246665168, 246665177, 101.902], [246665177, 246665198, 75.634], [246665198, 246665178, 80.334], [246665178, 246665181, 133.608], [246665181, 246665178, 133.608], [246665178, 246665164, 71.808], [246665164, 246665166, 67.52], [246665166, 4004584241, 258.192], [4004584241, 246665166, 258.192], [246665166, 1258758029, 403.79499999999996], [1258758029, 4553462266, 100.745], [4553462266, 9922981737, 32.993], [9922981737, 246650184, 26.266999999999996], [246650184, 4553462266, 18.963], [4553462266, 1258758029, 100.745], [1258758029, 4004584241, 141.42000000000002], [4004584241, 246665092, 69.356], [246665092, 246665164, 258.01], [246665164, 246665183, 71.796], [246665183, 246665185, 107.75200000000001], [246665185, 246665185, 226.33100000000002], [246665185, 246665185, 226.33100000000002], [246665185, 246665191, 51.368], [246665191, 246665185, 51.368], [246665185, 246665183, 107.75200000000001], [246665183, 246665192, 261.913], [246665192, 246665183, 261.913], [246665183, 246665192, 261.913], [246665192, 246659343, 76.867], [246659343, 246665192, 76.867], [246665192, 246659343, 76.867], [246659343, 4044744473, 202.671], [4044744473, 246659343, 202.671], [246659343, 246714213, 114.62], [246714213, 246714212, 81.592], [246714212, 246714241, 85.749], [246714241, 246714212, 85.749], [246714212, 246714215, 128.452], [246714215, 246714216, 85.25], [246714216, 246714245, 73.765], [246714245, 246714244, 59.327], [246714244, 246714245, 59.327], [246714245, 246714248, 336.379], [246714248, 246714250, 148.588], [246714250, 1259006159, 108.164], [1259006159, 246659294, 128.615], [246659294, 246714267, 298.324], [246714267, 246714268, 75.843], [246714268, 246714267, 75.843], [246714267, 246659293, 238.85], [246659293, 246714250, 75.198], [246714250, 1259006159, 108.164], [1259006159, 246714252, 65.448], [246714252, 246714204, 70.724], [246714204, 246714255, 80.622], [246714255, 246714205, 73.744], [246714205, 4715609210, 95.033], [4715609210, 246714311, 82.534], [246714311, 246714307, 407.89300000000003], [246714307, 246714311, 407.89300000000003], [246714311, 451120764, 45.727], [451120764, 451120840, 81.687], [451120840, 451120778, 185.304], [451120778, 451120840, 185.304], [451120840, 451120782, 230.317], [451120782, 451120778, 74.687], [451120778, 246714188, 66.918], [246714188, 246714187, 34.45], [246714187, 451120815, 119.791], [451120815, 246714182, 75.863], [246714182, 1448557344, 235.1], [1448557344, 4659380894, 33.606], [4659380894, 1448557358, 45.3], [1448557358, 1448557334, 151.435], [1448557334, 246714189, 238.40000000000003], [246714189, 451120764, 72.751], [451120764, 246714189, 72.751], [246714189, 246714190, 77.775], [246714190, 1259022677, 243.021], [1259022677, 246714190, 243.021], [246714190, 246714185, 146.675], [246714185, 246714188, 80.409], [246714188, 246714185, 80.409], [246714185, 246714182, 82.05900000000001], [246714182, 1259022677, 208.766], [1259022677, 1448557358, 69.599], [1448557358, 246653298, 8.943], [246653298, 246714178, 159.565], [246714178, 246714177, 131.511], [246714177, 246714176, 316.671], [246714176, 246714173, 363.189], [246714173, 246714176, 363.189], [246714176, 246714194, 129.795], [246714194, 246714178, 319.416], [246714178, 246714193, 331.81800000000004], [246714193, 246659350, 130.856], [246659350, 246659351, 153.814], [246659351, 246659348, 169.564], [246659348, 246659340, 431.595], [246659340, 246659341, 58.442], [246659341, 246659340, 58.442], [246659340, 246713656, 446.976], [246713656, 246659339, 187.388], [246659339, 246659351, 513.222], [246659351, 246714179, 331.373], [246714179, 246714196, 674.66], [246714196, 246714173, 231.405], [246714173, 246714172, 86.071], [246714172, 246714173, 86.071], [246714173, 246714198, 96.162], [246714198, 246714194, 362.54], [246714194, 246653296, 157.656], [246653296, 246653297, 90.62], [246653297, 1448557369, 9.53], [1448557369, 1448557390, 90.117], [1448557390, 246653296, 8.756], [246653296, 1448557390, 8.756], [1448557390, 1448557395, 62.187], [1448557395, 246714010, 72.85300000000001], [246714010, 246714009, 169.284], [246714009, 246714008, 74.533], [246714008, 246714027, 72.512], [246714027, 246714025, 71.513], [246714025, 246714021, 319.331], [246714021, 246714023, 86.297], [246714023, 246714024, 46.169], [246714024, 246714023, 46.169], [246714023, 246714030, 87.993], [246714030, 246714005, 123.685], [246714005, 246714030, 123.685], [246714030, 246714008, 147.257], [246714008, 246714027, 72.512], [246714027, 246714006, 77.43], [246714006, 246714007, 75.103], [246714007, 246714009, 150.796], [246714009, 246714014, 76.221], [246714014, 246714015, 73.689], [246714015, 246714019, 67.044], [246714019, 246714017, 210.769], [246714017, 246714019, 210.769], [246714019, 246714017, 210.769], [246714017, 246713999, 69.979], [246713999, 246714001, 224.211], [246714001, 246714015, 118.673], [246714015, 246714014, 73.689], [246714014, 1448557399, 257.61899999999997], [1448557399, 1448557395, 76.854], [1448557395, 246653295, 9.724], [246653295, 246653296, 61.989], [246653296, 246653295, 61.989], [246653295, 246653294, 75.662], [246653294, 246713998, 224.82399999999998], [246713998, 246653294, 224.82399999999998], [246653294, 1448557399, 8.66], [1448557399, 1448557353, 223.65699999999998], [1448557353, 246713999, 70.72], [246713999, 246714001, 224.211], [246714001, 246714005, 71.896], [246714005, 246714003, 109.91], [246714003, 246714004, 97.934], [246714004, 246714003, 97.934], [246714003, 246714021, 184.68], [246714021, 246714025, 319.331], [246714025, 246714029, 182.47699999999998], [246714029, 246659345, 176.068], [246659345, 246659344, 64.217], [246659344, 246665205, 213.71699999999998], [246665205, 246665203, 282.47400000000005], [246665203, 1259015074, 39.276], [1259015074, 246665203, 39.276], [246665203, 246659344, 70.589], [246659344, 246659345, 64.217], [246659345, 451120795, 81.828], [451120795, 451120816, 78.666], [451120816, 451120782, 127.484], [451120782, 246714192, 74.835], [246714192, 4715609210, 223.048], [4715609210, 246714202, 144.372], [246714202, 246714299, 223.09699999999998], [246714299, 246714202, 223.09699999999998], [246714202, 246714305, 164.459], [246714305, 246714298, 215.964], [246714298, 246714302, 114.134], [246714302, 246714298, 114.134], [246714298, 1259008999, 76.212], [1259008999, 1259009001, 122.243], [1259009001, 1259008999, 122.243], [1259008999, 1259009001, 122.243], [1259009001, 246714301, 77.624], [246714301, 1259008998, 104.906], [1259008998, 246714301, 104.906], [246714301, 246714300, 151.591], [246714300, 246714301, 151.591], [246714301, 9014150361, 155.026], [9014150361, 246714305, 76.435], [246714305, 9014150361, 76.435], [9014150361, 246714307, 88.317], [246714307, 1448557349, 171.464], [1448557349, 1448557372, 74.891], [1448557372, 1259015072, 8.988], [1259015072, 246714308, 74.032], [246714308, 1448557349, 11.029], [1448557349, 1448557384, 68.938], [1448557384, 4659380900, 69.009], [4659380900, 1448557384, 69.009], [1448557384, 246653299, 12.492], [246653299, 246714308, 69.219], [246714308, 1259015072, 74.032], [1259015072, 246653301, 213.10000000000002], [246653301, 246714324, 106.279], [246714324, 246714340, 200.07600000000002], [246714340, 246714323, 568.117], [246714323, 246714343, 79.38300000000001], [246714343, 246714323, 79.38300000000001], [246714323, 246714343, 79.38300000000001], [246714343, 246714324, 46.558], [246714324, 246714340, 200.07600000000002], [246714340, 246714341, 84.904], [246714341, 246659339, 293.71900000000005], [246659339, 246713656, 187.388], [246713656, 4553931595, 292.189], [4553931595, 246658366, 23.954], [246658366, 4553931595, 23.954], [4553931595, 4553931600, 45.399], [4553931600, 4553931591, 54.51], [4553931591, 246658366, 27.759], [246658366, 4553931600, 41.034], [4553931600, 1448557379, 359.252], [1448557379, 4552515300, 40.508], [4552515300, 4659596470, 64.852], [4659596470, 4659596469, 10.261], [4659596469, 4552515314, 64.876], [4552515314, 4552515310, 58.3], [4552515310, 4552515303, 66.929], [4552515303, 1448557378, 387.155], [1448557378, 4552515303, 387.155], [4552515303, 1448557335, 43.225], [1448557335, 4552515314, 28.700000000000003], [4552515314, 4659596469, 64.876], [4659596469, 4659596471, 22.544], [4659596471, 4659596473, 31.326], [4659596473, 4659596474, 10.594], [4659596474, 4659596473, 10.594], [4659596473, 4659596471, 31.326], [4659596471, 4659596472, 10.4], [4659596472, 4659596474, 31.273], [4659596474, 4659596472, 31.273], [4659596472, 4659596470, 22.583], [4659596470, 4552515300, 64.852], [4552515300, 246653307, 27.335], [246653307, 1448557379, 27.072000000000003], [1448557379, 246653306, 38.675], [246653306, 246653304, 404.389], [246653304, 1448557378, 8.208], [1448557378, 5305628532, 102.896], [5305628532, 246714288, 261.694], [246714288, 5305628532, 261.694], [5305628532, 246714293, 10.422], [246714293, 1260340442, 89.836], [1260340442, 246714293, 89.836], [246714293, 246714292, 71.763], [246714292, 246714291, 305.911], [246714291, 246714292, 305.911], [246714292, 246659336, 82.288], [246659336, 246659335, 73.09299999999999], [246659335, 246714285, 75.257], [246714285, 246714209, 616.4780000000001], [246714209, 246714206, 81.10900000000001], [246714206, 246714209, 81.10900000000001], [246714209, 246714208, 62.13], [246714208, 246714316, 71.96000000000001], [246714316, 246714321, 336.697], [246714321, 246714322, 72.494], [246714322, 246714321, 72.494], [246714321, 246714317, 233.279], [246714317, 246714316, 70.157], [246714316, 246714317, 70.157], [246714317, 246714322, 275.18], [246714322, 246714319, 68.775], [246714319, 246714286, 245.855], [246714286, 246714319, 245.855], [246714319, 246714285, 68.689], [246714285, 246659335, 75.257], [246659335, 246659334, 211.237], [246659334, 1260340441, 151.798], [1260340441, 246659336, 486.084], [246659336, 246714289, 353.058], [246714289, 246714286, 71.047], [246714286, 246714207, 236.978], [246714207, 246714208, 65.263], [246714208, 246714207, 65.263], [246714207, 246659297, 70.61200000000001], [246659297, 246659298, 56.091], [246659298, 246714299, 66.595], [246714299, 246714302, 67.883], [246714302, 246714300, 169.27], [246714300, 246659300, 76.224], [246659300, 246714290, 42.101], [246714290, 246714289, 73.888], [246714289, 246714291, 83.124], [246714291, 246714288, 76.434], [246714288, 246659301, 75.349], [246659301, 246714294, 37.804], [246714294, 246659301, 37.804], [246659301, 1448557413, 57.747], [1448557413, 1448557378, 312.81699999999995], [1448557378, 246653304, 8.208], [246653304, 246653306, 404.389], [246653306, 246653307, 28.409], [246653307, 1448557335, 11.066], [1448557335, 4552515310, 44.274], [4552515310, 246658365, 541.535], [246658365, 4520410260, 292.104], [4520410260, 4520410255, 64.415], [4520410255, 246650208, 45.758], [246650208, 4520410260, 50.643], [4520410260, 246658365, 292.104], [246658365, 1260340441, 160.343], [1260340441, 246659334, 151.798], [246659334, 246659332, 139.825], [246659332, 246714276, 81.434], [246714276, 246714277, 77.334], [246714277, 246714281, 209.716], [246714281, 246714280, 77.264], [246714280, 246714279, 193.61], [246714279, 246714278, 77.255], [246714278, 246714279, 77.255], [246714279, 246714277, 78.737], [246714277, 246714276, 77.334], [246714276, 246714281, 290.054], [246714281, 246714280, 77.264], [246714280, 246714274, 75.88], [246714274, 246714272, 75.549], [246714272, 246714274, 75.549], [246714274, 246714278, 174.815], [246714278, 246714273, 80.25999999999999], [246714273, 246659332, 227.70299999999997], [246659332, 246714273, 227.70299999999997], [246714273, 246650203, 75.36500000000001], [246650203, 246650208, 383.59999999999997], [246650208, 246650242, 15.434], [246650242, 4520410267, 50.190000000000005], [4520410267, 246658363, 320.81600000000003], [246658363, 246713167, 76.09], [246713167, 246713145, 78.876], [246713145, 246713146, 69.619], [246713146, 246713145, 69.619], [246713145, 246713144, 199.992], [246713144, 246713147, 71.092], [246713147, 246713146, 199.297], [246713146, 246713142, 273.245], [246713142, 246713147, 50.542], [246713147, 246713144, 71.092], [246713144, 246713143, 71.244], [246713143, 246713164, 0.827], [246713164, 246713167, 353.12899999999996], [246713167, 246713164, 353.12899999999996], [246713164, 246713143, 0.827], [246713143, 246659330, 76.242], [246659330, 246713148, 74.682], [246713148, 246713152, 201.776], [246713152, 246713129, 307.31], [246713129, 246713128, 73.536], [246713128, 246713129, 73.536], [246713129, 246713200, 115.51299999999999], [246713200, 246713201, 70.809], [246713201, 246713200, 70.809], [246713200, 246713132, 87.928], [246713132, 246713130, 67.695], [246713130, 246713128, 73.208], [246713128, 246713131, 327.4], [246713131, 246713130, 274.602], [246713130, 246713132, 67.695], [246713132, 246713135, 78.772], [246713135, 246713123, 313.696], [246713123, 246713135, 313.696], [246713135, 246713134, 84.124], [246713134, 246713121, 278.964], [246713121, 2605548190, 413.4], [2605548190, 246713121, 413.4], [246713121, 246713124, 39.907], [246713124, 246659329, 145.995], [246659329, 246713124, 145.995], [246713124, 246713123, 43.826], [246713123, 246713122, 28.753], [246713122, 246713131, 44.453], [246713131, 246713122, 44.453], [246713122, 246713148, 70.583], [246713148, 246713152, 201.776], [246713152, 1258982258, 181.327], [1258982258, 246713142, 74.747], [246713142, 1258982258, 74.747], [1258982258, 246659330, 196.473], [246659330, 246659329, 78.127], [246659329, 246659328, 155.021], [246659328, 246659326, 160.581], [246659326, 246659328, 160.581], [246659328, 246713161, 74.162], [246713161, 246713156, 353.307], [246713156, 246713161, 353.307], [246713161, 246713156, 353.307], [246713156, 246713155, 81.351], [246713155, 4553879092, 53.243], [4553879092, 4553879089, 105.49700000000001], [4553879089, 246713176, 59.745999999999995], [246713176, 246713183, 186.571], [246713183, 246713176, 186.571], [246713176, 246713177, 765.314], [246713177, 246713183, 113.035], [246713183, 246713175, 203.20299999999997], [246713175, 246713187, 96.656], [246713187, 246713175, 96.656], [246713175, 246713177, 107.358], [246713177, 246713176, 765.314], [246713176, 4553879089, 59.745999999999995], [4553879089, 4553879097, 65.88900000000001], [4553879097, 4553879089, 65.88900000000001], [4553879089, 4553879095, 11.606], [4553879095, 4553879092, 106.37799999999999], [4553879092, 246713155, 53.243], [246713155, 1258989632, 181.08], [1258989632, 1258989630, 265.058], [1258989630, 1258989632, 265.058], [1258989632, 246658363, 57.15], [246658363, 4520410267, 320.81600000000003], [4520410267, 4520410261, 60.608999999999995], [4520410261, 246650242, 57.801], [246650242, 4520410261, 57.801], [4520410261, 246650281, 328.41900000000004], [246650281, 1258982258, 71.938], [1258982258, 246650281, 71.938], [246650281, 246650271, 313.837], [246650271, 246650281, 313.837], [246650281, 246650203, 15.789], [246650203, 246650202, 315.13], [246650202, 246650271, 15.841], [246650271, 246650226, 329.927], [246650226, 246650196, 15.841], [246650196, 246650200, 179.065], [246650200, 246650201, 160.00699999999998], [246650201, 246650200, 160.00699999999998], [246650200, 246650201, 160.00699999999998], [246650201, 246650202, 76.883], [246650202, 246714272, 73.179], [246714272, 246714268, 50.779], [246714268, 246714206, 141.492], [246714206, 246659295, 274.15999999999997], [246659295, 246714252, 141.83], [246714252, 246714204, 70.724], [246714204, 1259015071, 207.275], [1259015071, 246714248, 77.699], [246714248, 246650195, 74.883], [246650195, 246650266, 14.143], [246650266, 246650261, 222.758], [246650261, 246650194, 14.496], [246650194, 246650261, 14.496], [246650261, 246714265, 56.337], [246714265, 4044579235, 138.261], [4044579235, 4044579226, 127.59700000000001], [4044579226, 246713196, 78.048], [246713196, 4044579226, 78.048], [4044579226, 4044579235, 127.59700000000001], [4044579235, 246714265, 138.261], [246714265, 246665156, 48.584], [246665156, 246665125, 135.486], [246665125, 246665163, 71.708], [246665163, 246665154, 72.862], [246665154, 246665163, 72.862], [246665163, 246665123, 334.764], [246665123, 246665160, 75.139], [246665160, 246665123, 75.139], [246665123, 246665125, 94.231], [246665125, 246665156, 135.486], [246665156, 246665114, 297.299], [246665114, 246665116, 61.888000000000005], [246665116, 246665114, 61.888000000000005], [246665114, 246665112, 211.631], [246665112, 246665111, 73.074], [246665111, 246665112, 73.074], [246665112, 246665117, 74.834], [246665117, 246665120, 284.053], [246665120, 246665117, 284.053], [246665117, 246665120, 284.053], [246665120, 246665160, 75.904], [246665160, 246665126, 280.54699999999997], [246665126, 246665103, 77.931], [246665103, 246665111, 149.55], [246665111, 246665110, 72.606], [246665110, 246665104, 220.853], [246665104, 246665110, 220.853], [246665110, 246665107, 168.71800000000002], [246665107, 1258980982, 68.831], [1258980982, 246665103, 184.501], [246665103, 246665126, 77.931], [246665126, 246665127, 80.51], [246665127, 246665148, 154.329], [246665148, 10719966940, 354.30199999999996], [10719966940, 246665132, 289.11], [246665132, 10719966940, 289.11], [10719966940, 4004584260, 71.524], [4004584260, 10719966940, 71.524], [10719966940, 246665132, 289.11], [246665132, 4004584231, 236.144], [4004584231, 246660807, 354.59], [246660807, 4004584203, 59.233000000000004], [4004584203, 4004584215, 146.027], [4004584215, 4004584220, 80.096], [4004584220, 4004584223, 71.702], [4004584223, 4004584225, 59.448], [4004584225, 4004584223, 59.448], [4004584223, 4004584220, 71.702], [4004584220, 4004584215, 80.096], [4004584215, 246665048, 76.895], [246665048, 246665045, 195.058], [246665045, 246665048, 195.058], [246665048, 246665059, 55.367], [246665059, 246665058, 76.498], [246665058, 246660823, 73.781], [246660823, 246660821, 155.202], [246660821, 246660823, 155.202], [246660823, 4004584225, 68.59], [4004584225, 246660829, 146.987], [246660829, 246660842, 288.81899999999996], [246660842, 246660836, 79.607], [246660836, 246660834, 10.949], [246660834, 246660836, 10.949], [246660836, 246660837, 98.064], [246660837, 246660841, 113.48], [246660841, 246660837, 113.48], [246660837, 246660820, 61.617], [246660820, 246660817, 108.864], [246660817, 246660816, 85.62400000000001], [246660816, 246665058, 353.96099999999996], [246665058, 246665059, 76.498], [246665059, 246665045, 140.364], [246665045, 246665044, 77.227], [246665044, 246660810, 50.509], [246660810, 246665016, 80.135], [246665016, 4004584203, 73.839], [4004584203, 246665016, 73.839], [246665016, 246665013, 241.93200000000002], [246665013, 246660806, 74.399], [246660806, 246665013, 74.399], [246665013, 246660847, 259.011], [246660847, 246660851, 76.055], [246660851, 246665017, 76.516], [246665017, 246660812, 215.98899999999998], [246660812, 246665017, 215.98899999999998], [246665017, 246665021, 312.874], [246665021, 246665022, 230.63], [246665022, 9922909209, 59.387], [9922909209, 246665035, 14.1], [246665035, 246665034, 243.46200000000002], [246665034, 246665021, 69.864], [246665021, 246665009, 100.128], [246665009, 246658383, 69.785], [246658383, 3199250747, 10.83], [3199250747, 3199250748, 298.992], [3199250748, 246658382, 10.302], [246658382, 246658383, 298.867], [246658383, 8927405163, 88.258], [8927405163, 246665022, 228.48399999999998], [246665022, 218198612, 166.81199999999998], [218198612, 8927405163, 127.146], [8927405163, 246658383, 88.258], [246658383, 246665009, 69.785], [246665009, 246660850, 298.927], [246660850, 246658382, 75.43], [246658382, 246658380, 144.516], [246658380, 3199250757, 8.187], [3199250757, 3199250868, 139.51], [3199250868, 3199250757, 139.51], [3199250757, 3199250748, 147.26500000000001], [3199250748, 4044963102, 68.584], [4044963102, 5298621586, 147.265], [5298621586, 4044963102, 147.265], [4044963102, 4110285090, 317.88000000000005], [4110285090, 246660741, 78.388], [246660741, 4110285090, 78.388], [4110285090, 246660747, 148.85999999999999], [246660747, 5298621587, 73.091], [5298621587, 246660747, 73.091], [246660747, 246660755, 106.818], [246660755, 246660753, 118.72], [246660753, 246660756, 124.89500000000001], [246660756, 246660755, 74.898], [246660755, 246660756, 74.898], [246660756, 246660757, 65.226], [246660757, 246660758, 34.78], [246660758, 246660757, 34.78], [246660757, 246660763, 138.819], [246660763, 1765620907, 70.548], [1765620907, 246660763, 70.548], [246660763, 246660752, 102.454], [246660752, 246660753, 69.683], [246660753, 246660752, 69.683], [246660752, 246660741, 70.816], [246660741, 3199250868, 72.28999999999999], [3199250868, 246658378, 10.067], [246658378, 3199250868, 10.067], [3199250868, 3199250875, 165.44199999999998], [3199250875, 246658376, 8.65], [246658376, 246660806, 81.36600000000001], [246660806, 246660807, 88.31], [246660807, 4004584231, 354.59], [4004584231, 246658370, 95.191], [246658370, 4004584231, 95.191], [4004584231, 246665132, 236.144], [246665132, 246665131, 74.865], [246665131, 246665136, 71.279], [246665136, 246665146, 234.843], [246665146, 246665142, 88.422], [246665142, 246665146, 88.422], [246665146, 246665142, 88.422], [246665142, 246665140, 85.645], [246665140, 246665133, 74.438], [246665133, 246665140, 74.438], [246665140, 246665136, 254.80200000000002], [246665136, 246665131, 71.279], [246665131, 246665127, 118.579], [246665127, 246665148, 154.329], [246665148, 246665154, 211.295], [246665154, 246650233, 72.518], [246650233, 4004584260, 152.36599999999999], [4004584260, 4044744473, 16.045], [4044744473, 246650191, 150.031], [246650191, 246650233, 13.76], [246650233, 246650241, 88.11600000000001], [246650241, 246650276, 77.289], [246650276, 246650241, 77.289], [246650241, 246650192, 14.336], [246650192, 246714241, 292.923], [246714241, 246714244, 182.043], [246714244, 246650193, 147.04000000000002], [246650193, 246650194, 134.548], [246650194, 246650195, 220.835], [246650195, 246650196, 88.112], [246650196, 246659293, 156.42600000000002], [246659293, 246659294, 69.815], [246659294, 246659295, 71.54], [246659295, 246659297, 208.921], [246659297, 246659298, 56.091], [246659298, 246714290, 219.71], [246714290, 246659300, 42.101], [246659300, 246714294, 78.474], [246714294, 1259008998, 201.73700000000002], [1259008998, 1448557372, 85.66199999999999], [1448557372, 1448557413, 213.225], [1448557413, 246653301, 8.821], [246653301, 4659380904, 67.654], [4659380904, 4659380901, 104.45000000000002], [4659380901, 4659380904, 104.45000000000002], [4659380904, 4659380901, 104.45000000000002], [4659380901, 246653302, 63.943], [246653302, 246653303, 104.42699999999999], [246653303, 246653302, 104.42699999999999], [246653302, 246653303, 104.42699999999999], [246653303, 246653304, 84.842], [246653304, 246714341, 127.50200000000001], [246714341, 246659339, 293.71900000000005], [246659339, 246659340, 187.652], [246659340, 246659348, 431.595], [246659348, 246714180, 329.404], [246714180, 246714197, 680.367], [246714197, 2886138588, 72.958], [2886138588, 246659349, 9.798], [246659349, 246713717, 136.415], [246713717, 3212402288, 252.07100000000003], [3212402288, 2886138690, 13.395], [2886138690, 3212402288, 13.395], [3212402288, 246659349, 168.575], [246659349, 246713717, 136.415], [246713717, 8928606723, 5.972], [8928606723, 246714172, 233.25], [246714172, 246714195, 96.218], [246714195, 246714198, 80.294], [246714198, 246714195, 80.294], [246714195, 246653290, 111.059], [246653290, 246713998, 80.46199999999999], [246713998, 1448557353, 11.513], [1448557353, 1448557371, 80.201], [1448557371, 8928507061, 68.76], [8928507061, 892653766, 323.645], [892653766, 8928507061, 323.645], [8928507061, 1448557403, 171.745], [1448557403, 892653766, 254.05100000000002], [892653766, 4051954633, 48.501], [4051954633, 9922981745, 55.303999999999995], [9922981745, 246714171, 156.31400000000002], [246714171, 246665210, 157.285], [246665210, 246714171, 157.285], [246714171, 246714170, 243.991], [246714170, 246665209, 159.074], [246665209, 246665210, 248.74100000000004], [246665210, 246665091, 468.15299999999996], [246665091, 1756028727, 172.918], [1756028727, 1756028737, 1097.3909999999998], [1756028737, 9922909215, 207.24699999999996], [9922909215, 246660883, 97.701], [246660883, 9922909215, 97.701], [9922909215, 1756028731, 107.295], [1756028731, 4051954602, 87.72200000000001], [4051954602, 246665040, 64.82600000000001], [246665040, 246665071, 183.477], [246665071, 246665040, 183.477], [246665040, 246665038, 140.688], [246665038, 246665039, 73.36500000000001], [246665039, 246665038, 73.36500000000001], [246665038, 246665041, 186.141], [246665041, 246665043, 233.48699999999997], [246665043, 246665041, 233.48699999999997], [246665041, 246665037, 166.621], [246665037, 246665043, 73.186], [246665043, 246660883, 96.496], [246660883, 246665035, 71.07], [246665035, 246665034, 243.46200000000002], [246665034, 246665036, 71.396], [246665036, 246665037, 72.708], [246665037, 246665036, 72.708], [246665036, 246660815, 87.133], [246660815, 246660813, 81.863], [246660813, 246660816, 73.598], [246660816, 246660817, 85.62400000000001], [246660817, 246660820, 108.864], [246660820, 246660821, 47.235], [246660821, 246660842, 114.031], [246660842, 246660829, 288.81899999999996], [246660829, 4004584244, 68.914], [4004584244, 4004584260, 209.258], [4004584260, 4044744473, 16.045], [4044744473, 246650188, 208.661], [246650188, 4044744473, 208.661], [4044744473, 246650191, 150.031], [246650191, 246650192, 89.322], [246650192, 246650193, 74.951], [246650193, 246650276, 16.166], [246650276, 246650261, 130.788], [246650261, 246650266, 222.758], [246650266, 246650226, 80.585], [246650226, 246713196, 81.959], [246713196, 246713201, 37.71], [246713201, 246665116, 153.216], [246665116, 246659290, 78.18599999999999], [246659290, 246713134, 74.486], [246713134, 246659290, 74.486], [246659290, 2605548190, 84.756], [2605548190, 2605548189, 193.382], [2605548189, 246713116, 53.676], [246713116, 10713636747, 105.163], [10713636747, 246713117, 61.599], [246713117, 10713636747, 61.599], [10713636747, 246713117, 61.599], [246713117, 246713119, 87.166], [246713119, 246713118, 193.936], [246713118, 246713110, 67.491], [246713110, 246713109, 69.182], [246713109, 246713110, 69.182], [246713110, 246713111, 192.585], [246713111, 246713106, 75.828], [246713106, 246713111, 75.828], [246713111, 246713119, 65.334], [246713119, 246713107, 69.926], [246713107, 246713116, 471.666], [246713116, 2605548189, 53.676], [2605548189, 246659284, 76.821], [246659284, 246713106, 67.10499999999999], [246713106, 246713109, 193.104], [246713109, 246713105, 69.9], [246713105, 3199250902, 11.5], [3199250902, 3199250906, 203.49], [3199250906, 246660799, 69.749], [246660799, 246659282, 277.66], [246659282, 246659281, 71.809], [246659281, 246660799, 345.8759999999999], [246660799, 246659281, 345.8759999999999], [246659281, 246659279, 129.392], [246659279, 246660779, 78.931], [246660779, 246660793, 40.378], [246660793, 246660779, 40.378], [246660779, 246660788, 55.736], [246660788, 246660789, 68.366], [246660789, 246660769, 194.143], [246660769, 246660789, 194.143], [246660789, 246660790, 121.202], [246660790, 246660792, 70.312], [246660792, 246660790, 70.312], [246660790, 246660769, 73.263], [246660769, 246659320, 108.485], [246659320, 246660637, 85.913], [246660637, 246660639, 224.97000000000003], [246660639, 246660637, 224.97000000000003], [246660637, 246660639, 224.97000000000003], [246660639, 246660635, 73.277], [246660635, 246660633, 149.296], [246660633, 246660635, 149.296], [246660635, 246660633, 149.296], [246660633, 246659314, 82.718], [246659314, 246659318, 74.073], [246659318, 246660610, 74.347], [246660610, 246659317, 76.765], [246659317, 246660627, 71.929], [246660627, 246659317, 71.929], [246659317, 246660610, 76.765], [246660610, 246659318, 74.347], [246659318, 246660610, 74.347], [246660610, 246660609, 218.439], [246660609, 246660608, 72.667], [246660608, 246659318, 216.221], [246659318, 246659314, 74.073], [246659314, 246659313, 211.058], [246659313, 246660608, 70.865], [246660608, 246660611, 125.543], [246660611, 246659311, 93.399], [246659311, 246660611, 93.399], [246660611, 246660609, 192.60700000000003], [246660609, 246660607, 77.393], [246660607, 246660652, 70.19], [246660652, 246660655, 69.391], [246660655, 246660647, 62.096], [246660647, 246660650, 70.838], [246660650, 246660647, 70.838], [246660647, 246660646, 75.149], [246660646, 246660643, 77.235], [246660643, 246660646, 77.235], [246660646, 246659310, 202.351], [246659310, 246659311, 70.975], [246659311, 246659313, 99.64099999999999], [246659313, 246659314, 211.058], [246659314, 246659319, 81.799], [246659319, 246659320, 69.505], [246659320, 1258718781, 75.679], [1258718781, 246659321, 140.103], [246659321, 1258718781, 140.103], [1258718781, 246659321, 140.103], [246659321, 3199250908, 244.59], [3199250908, 4656651151, 177.642], [4656651151, 4656651153, 11.122], [4656651153, 4656651151, 11.122], [4656651151, 3199250909, 144.929], [3199250909, 3199250912, 68.332], [3199250912, 4022656242, 734.354], [4022656242, 4022656242, 129.825], [4022656242, 4022656242, 129.825], [4022656242, 3199250912, 734.354], [3199250912, 246658359, 70.199], [246658359, 246658360, 224.104], [246658360, 2605525329, 53.965], [2605525329, 2605525325, 229.459], [2605525325, 2605525324, 73.557], [2605525324, 2605525325, 73.557], [2605525325, 2605525329, 229.459], [2605525329, 246658360, 53.965], [246658360, 4553879097, 26.095], [4553879097, 4553879095, 65.807], [4553879095, 246659326, 326.19599999999997], [246659326, 246659325, 52.536], [246659325, 246713168, 35.315], [246713168, 246659325, 35.315], [246659325, 246713107, 72.307], [246713107, 246713108, 192.507], [246713108, 246713118, 72.528], [246713118, 246713108, 72.528], [246713108, 246659324, 72.818], [246659324, 246713174, 187.256], [246713174, 246713173, 120.601], [246713173, 246713174, 120.601], [246713174, 246713168, 180.417], [246713168, 246713173, 74.892], [246713173, 246659324, 76.876], [246659324, 246658367, 75.17999999999999], [246658367, 3199250908, 10.913], [3199250908, 3199250906, 77.182], [3199250906, 246660798, 10.984], [246660798, 246713105, 204.321], [246713105, 3199250902, 11.5], [3199250902, 3199250901, 73.616], [3199250901, 246659282, 67.728], [246659282, 246659302, 351.27399999999994], [246659302, 246659303, 65.958], [246659303, 3199250898, 200.925], [3199250898, 3199250893, 92.578], [3199250893, 3199250875, 276.15299999999996], [3199250875, 3199250893, 276.15299999999996], [3199250893, 3199250898, 92.578], [3199250898, 3199250899, 72.211], [3199250899, 246658369, 9.671], [246658369, 246665133, 90.31800000000001], [246665133, 1258980982, 81.816], [1258980982, 246665107, 68.831], [246665107, 246665104, 166.715], [246665104, 246659283, 229.062], [246659283, 246659284, 196.512], [246659284, 246659283, 196.512], [246659283, 246658368, 66.968], [246658368, 3199250901, 10.434], [3199250901, 3199250899, 361.365], [3199250899, 246659302, 68.005], [246659302, 246659303, 65.958], [246659303, 246659306, 133.875], [246659306, 658977410, 104.73200000000001], [658977410, 246659306, 104.73200000000001], [246659306, 246660690, 180.363], [246660690, 246660689, 77.476], [246660689, 246660685, 108.081], [246660685, 246660689, 108.081], [246660689, 658977410, 102.535], [658977410, 246659277, 128.925], [246659277, 246659279, 169.776], [246659279, 246660779, 78.931], [246660779, 246660788, 55.736], [246660788, 246660792, 121.271], [246660792, 246659309, 185.79299999999998], [246659309, 246660643, 241.528], [246660643, 246660682, 66.108], [246660682, 246660656, 77.095], [246660656, 246660658, 206.517], [246660658, 246660766, 103.228], [246660766, 246660767, 37.252], [246660767, 246660766, 37.252], [246660766, 246659272, 132.601], [246659272, 246659274, 116.06400000000001], [246659274, 246660656, 152.743], [246660656, 246660682, 77.095], [246660682, 246659275, 188.035], [246659275, 246660685, 175.553], [246660685, 246660686, 86.114], [246660686, 246659271, 96.522], [246659271, 246660686, 96.522], [246660686, 246660690, 111.973], [246660690, 246660688, 78.665], [246660688, 246660738, 90.839], [246660738, 246660688, 90.839], [246660688, 246660735, 149.405], [246660735, 246660688, 149.405], [246660688, 246660738, 