{
 "cells": [
  {
   "cell_type": "code",
   "execution_count": 1,
   "id": "4c497b03",
   "metadata": {},
   "outputs": [
    {
     "name": "stdout",
     "output_type": "stream",
     "text": [
      "loaded\n"
     ]
    }
   ],
   "source": [
    "import osmnx as ox\n",
    "import networkx as nx\n",
    "import matplotlib\n",
    "import matplotlib.pyplot as plt\n",
    "import json\n",
    "print(\"loaded\")\n",
    "colors = ['red', 'blue', 'green', 'yellow', 'orange', 'purple', 'pink', 'brown', 'grey', 'lightblue', 'cyan', 'magenta', 'red', 'blue', 'green', 'yellow', 'orange', 'purple', 'pink', 'brown', 'grey', 'lightblue', 'cyan', 'magenta']\n",
    "# secteurs à étudier\n",
    "arrondissements = [\n",
    "    'Ahuntsic-Cartierville',\n",
    "    'Anjou',\n",
    "    'Côte-des-Neiges–Notre-Dame-de-Grâce',\n",
    "    'Lachine',\n",
    "    'LaSalle',\n",
    "    'Le Plateau-Mont-Royal',\n",
    "    'Le Sud-Ouest',\n",
    "    'L\\'Île-Bizard–Sainte-Geneviève',\n",
    "    'Mercier–Hochelaga-Maisonneuve',\n",
    "    'Montréal-Nord',\n",
    "    'Outremont',\n",
    "    'Pierrefonds-Roxboro',\n",
    "    'Rivière-des-Prairies–Pointe-aux-Trembles',\n",
    "    'Rosemont–La Petite-Patrie',\n",
    "    'Saint-Laurent',\n",
    "    'Saint-Léonard',\n",
    "    'Verdun',\n",
    "    'Ville-Marie',\n",
    "    'Villeray–Saint-Michel–Parc-Extension'\n",
    "]"
   ]
  },
  {
   "cell_type": "code",
   "execution_count": 2,
   "id": "944cd020",
   "metadata": {},
   "outputs": [],
   "source": [
    "# get Osmnx graph from name of a sector\n",
    "def get_graph(name):\n",
    "    G = ox.graph_from_place(name, network_type='drive') # retain_all=True\n",
    "    G = ox.project_graph(G)\n",
    "    nx.weakly_connected_components(G)\n",
    "    return G"
   ]
  },
  {
   "cell_type": "code",
   "execution_count": 3,
   "id": "1ab14ce5",
   "metadata": {},
   "outputs": [],
   "source": [
    "# you can call the getEulerienGraph function with the name of the sector\n",
    "# it will give you the eulerian path of this sector\n",
    "\n",
    "def read_json(filename):\n",
    "    with open(filename, \"r\") as file:\n",
    "        data = json.loads(file.read())\n",
    "    return data\n",
    "\n",
    "def transform_to_tuples(list_of_lists):\n",
    "    return [tuple(sub_list) for sub_list in list_of_lists]\n",
    "\n",
    "def getEulerienGraph(name):\n",
    "    i = arrondissements.index(name)\n",
    "    print(arrondissements[i])\n",
    "    chemin = read_json(\"../drone_scouting/paths.txt\")\n",
    "    return (transform_to_tuples(chemin[i]))"
   ]
  },
  {
   "cell_type": "code",
   "execution_count": 4,
   "id": "4a28b6f7",
   "metadata": {},
   "outputs": [
    {
     "name": "stdout",
     "output_type": "stream",
     "text": [
      "Verdun\n",
      "possède 603 routes\n"
     ]
    }
   ],
   "source": [
    "sectorToStudy = \"Verdun\"\n",
    "# get the eulerien graph of the sector of verdun\n",
    "paths = getEulerienGraph(sectorToStudy)\n",
    "print(\"possède \" + str(len(paths)) + \" routes\")"
   ]
  },
  {
   "cell_type": "code",
   "execution_count": 19,
   "id": "00333a61",
   "metadata": {},
   "outputs": [],
   "source": [
    "def is_in_graph(G, x, y):\n",
    "    for (a, b, w) in G:\n",
    "        if (x == a and y == b):\n",
    "            return True\n",
    "    return False\n",
    "\n",
    "def getGraphFromList(list):\n",
    "    G = []\n",
    "    for i in range(0, len(list) - 1):\n",
    "        G.append((list[i], list[i+1]))\n",
    "    return G\n",
    "\n",
    "# g is the graph from get_graph\n",
    "# path is the list of path of the eulerien traval\n",
    "# the function return the path in order to travel all roads\n",
    "def replace_nodes2(G, path):\n",
    "    i = 0\n",
    "    goodPath = []\n",
    "    undirected = G.to_undirected()\n",
    "    k = 0 # to check how many fake roads have been added\n",
    "    \n",
    "    while(i < len(path)):\n",
    "        a,b = path[i]\n",
    "            \n",
    "        # this path doesn't exist in our graph, \n",
    "        # we need to find shortest path \n",
    "        if(not is_in_graph(G.edges, a, b)):\n",
    "            try:\n",
    "                p = nx.shortest_path(undirected, source=a, target=b)\n",
    "                l = getGraphFromList(p)\n",
    "                goodPath += l\n",
    "                '''if(is_in_graph(G.edges, b, a) and not is_in_graph(path, a, b) and not is_in_graph(goodPath, b, a)):\n",
    "                    goodPath.append((b,a))\n",
    "                    goodPath += l'''\n",
    "            except:\n",
    "                goodPath.append((a,b))\n",
    "                k += 1\n",
    "        else:\n",
    "            goodPath.append((a,b))\n",
    "        i += 1\n",
    "    \n",
    "    print(\"road added\", k)\n",
    "    return goodPath"
   ]
  },
  {
   "cell_type": "code",
   "execution_count": 23,
   "id": "e420d2a9",
   "metadata": {},
   "outputs": [],
   "source": [
    "def path_length(edges, g):\n",
    "    dist_arr = []\n",
    "    for u,v,k,obj in g.edges.data(keys=True):\n",
    "        dist_arr.append((u,v,obj['length']))\n",
    "    length = 0\n",
    "    for u,v in edges:\n",
    "        for u1,v1,l in dist_arr:\n",
    "            if (u1 == u and v1 == v):\n",
    "                length += l\n",
    "                break\n",
    "    return length\n",
    "\n",
    "\n",
    "def add_length(edges, g):\n",
    "    dist_arr = []\n",
    "    for u,v,k,obj in g.edges.data(keys=True):\n",
    "        dist_arr.append((u,v,obj['length']))\n",
    "    length = 0\n",
    "    k = 0 # to check the number of road that have a length\n",
    "    for i in range (len(edges)):\n",
    "        u,v = edges[i]\n",
    "        for u1,v1,l in dist_arr:\n",
    "            if ((u1 == u and v1 == v) or (u1 == v and v1 == u)):\n",
    "                edges[i] = (u,v,l)\n",
    "                k +=1 \n",
    "    print(k)\n",
    "    return length\n",
    "\n",
    "def saveInFile(name, paths):        \n",
    "    with open(name + \"_good_path.txt\", \"w+\") as file:\n",
    "        file.write(json.dumps(paths))"
   ]
  },
  {
   "cell_type": "code",
   "execution_count": 7,
   "id": "d1333104",
   "metadata": {},
   "outputs": [],
   "source": [
    "# pour obtenir le graphe orienté de la zone\n",
    "g = get_graph(sectorToStudy + \", Montreal, Canada\")"
   ]
  },
  {
   "cell_type": "code",
   "execution_count": 33,
   "id": "e1f5df03",
   "metadata": {},
   "outputs": [
    {
     "name": "stdout",
     "output_type": "stream",
     "text": [
      "road added 0\n",
      "Pour déneiger cette zone, on doit passer par 603 routes\n",
      "969\n",
      "[(32659924, 4518898500, 90.59800000000001), (4518898500, 1241292882, 80.56), (1241292882, 4518898500, 80.56), (4518898500, 32671594, 57.92), (32671594, 32671564, 177.43099999999998), (32671564, 32671594, 177.43099999999998), (32671594, 32661121, 168.082), (32661121, 1700518227, 179.005), (1700518227, 1700518228, 84.895), (1700518228, 1700518225, 172.262), (1700518225, 1700518223, 86.16499999999999), (1700518223, 1700518227, 172.49), (1700518227, 1700518226, 83.36699999999999), (1700518226, 32661131, 84.869), (32661131, 1700518221, 171.051), (1700518221, 1429448537, 85.9), (1429448537, 32661260, 65.017), (32661260, 10222727839, 64.00800000000001), (10222727839, 615101597, 6.093), (615101597, 10222727839, 6.093), (10222727839, 10222727838, 4.944), (10222727838, 207249254, 261.795), (207249254, 207249241, 174.39000000000001), (207249241, 207249254, 174.39000000000001), (207249254, 615101663, 197.263), (615101663, 267969149, 9.246), (267969149, 615101663, 9.246), (615101663, 248413240, 109.74900000000001), (248413240, 32661266, 160.91099999999997), (32661266, 615101597, 359.13500000000005), (615101597, 10222727838, 6.416), (10222727838, 797776010, 73.144), (797776010, 32661260, 14.322), (32661260, 32661774, 122.538), (32661774, 32661131, 32.283), (32661131, 1700518226, 84.869), (1700518226, 5688217988, 178.13899999999998), (5688217988, 1700518226, 178.13899999999998), (1700518226, 1700518222, 173.052), (1700518222, 1700518221, 83.866), (1700518221, 32661129, 248.001), (32661129, 998513342, 238.302), (998513342, 1700518214, 84.89300000000001), (1700518214, 998513342, 84.89300000000001), (998513342, 1764284111, 84.309), (1764284111, 1700534185, 85.61099999999999), (1700534185, 1700534187, 236.682), (1700534187, 1700534185, 236.682), (1700534185, 1700518211, 66.872), (1700518211, 32661140, 124.035), (32661140, 5230243171, 76.289), (5230243171, 4333593189, 73.81700000000001), (4333593189, 248413588, 114.57199999999999), (248413588, 4333593189, 114.57199999999999), (4333593189, 4333592488, 8.951), (4333592488, 207249223, 114.799), (207249223, 4333592488, 114.799), (4333592488, 5230243171, 72.314), (5230243171, 615030570, 22.27), (615030570, 32661140, 72.987), (32661140, 32661193, 106.044), (32661193, 1700518206, 101.925), (1700518206, 1700518205, 99.32200000000002), (1700518205, 1700518204, 97.19399999999999), (1700518204, 1700518205, 97.19399999999999), (1700518205, 1700518204, 97.19399999999999), (1700518204, 1700518203, 90.99499999999999), (1700518203, 1700518202, 62.717), (1700518202, 1700518203, 62.717), (1700518203, 1700518204, 90.99499999999999), (1700518204, 32661253, 318.99199999999996), (32661253, 32661252, 93.67099999999999), (32661252, 1700518203, 318.51), (1700518203, 1700518202, 62.717), (1700518202, 1700518199, 68.298), (1700518199, 1700518198, 66.25), (1700518198, 1700518199, 66.25), (1700518199, 1700518198, 66.25), (1700518198, 1700518196, 73.311), (1700518196, 1700518195, 88.416), (1700518195, 32661478, 113.67499999999998), (32661478, 32661493, 131.15200000000002), (32661493, 10862932274, 88.65299999999999), (10862932274, 1700518191, 62.721000000000004), (1700518191, 10863375762, 68.523), (10863375762, 1387494164, 5.797), (1387494164, 10863375762, 5.797), (10863375762, 1700518191, 68.523), (1700518191, 10863546327, 46.595), (10863546327, 32672204, 63.039), (32672204, 10863546327, 63.039), (10863546327, 1764298494, 33.861), (1764298494, 32672036, 40.765), (32672036, 32671971, 9.757), (32671971, 32672036, 9.757), (32672036, 32661535, 60.891), (32661535, 1700518190, 55.80800000000001), (1700518190, 1700518191, 31.474), (1700518191, 10862932274, 62.721000000000004), (10862932274, 32661493, 88.65299999999999), (32661493, 32661478, 131.15200000000002), (32661478, 1700518195, 113.67499999999998), (1700518195, 1700518196, 88.416), (1700518196, 1700518195, 88.416), (1700518195, 32661224, 223.445), (32661224, 1700518194, 80.714), (1700518194, 32661478, 155.506), (32661478, 1700518193, 153.07900000000004), (1700518193, 1700525594, 338.735), (1700525594, 32661482, 339.283), (32661482, 1700525593, 21.394), (1700525593, 32661491, 335.73699999999997), (32661491, 1700525593, 335.73699999999997), (1700525593, 1700525592, 75.724), (1700525592, 1700525582, 83.568), (1700525582, 1700525580, 63.456), (1700525580, 1700525578, 53.997), (1700525578, 32661533, 440.36499999999995), (32661533, 32766750, 50.971000000000004), (32766750, 1700525580, 427.166), (1700525580, 1700534183, 339.642), (1700534183, 1700518190, 338.305), (1700518190, 32661220, 62.818), (32661220, 10862932274, 43.085), (10862932274, 32661493, 88.65299999999999), (32661493, 32661221, 71.731), (32661221, 1700525584, 338.865), (1700525584, 1700525592, 339.449), (1700525592, 32661495, 380.63200000000006), (32661495, 32661522, 92.834), (32661522, 1700525582, 412.38599999999997), (1700525582, 32661174, 339.562), (32661174, 1700525584, 83.283), (1700525584, 1700525594, 97.509), (1700525594, 1700525610, 14.362), (1700525610, 32661481, 339.068), (32661481, 32661482, 16.803), (32661482, 32661481, 16.803), (32661481, 32661476, 52.057), (32661476, 32661475, 31.556), (32661475, 32661476, 31.556), (32661476, 32661477, 301.574), (32661477, 32661454, 128.068), (32661454, 32661477, 128.068), (32661477, 32661491, 99.101), (32661491, 32661495, 84.82900000000001), (32661495, 32661522, 92.834), (32661522, 32766750, 65.761), (32766750, 32661533, 50.971000000000004), (32661533, 32661544, 58.836), (32661544, 32661543, 31.785), (32661543, 32661544, 31.785), (32661544, 32661546, 150.939), (32661546, 32661553, 100.391), (32661553, 32661552, 184.982), (32661552, 32661556, 87.455), (32661556, 1700518182, 93.51), (1700518182, 4333603971, 132.756), (4333603971, 4333603970, 15.215), (4333603970, 4333603971, 15.215), (4333603971, 32661608, 136.52700000000002), (32661608, 32661554, 86.504), (32661554, 32661608, 86.504), (32661608, 32661619, 17.318), (32661619, 32661671, 218.142), (32661671, 32661685, 82.776), (32661685, 32661684, 389.972), (32661684, 1700518167, 79.037), (1700518167, 1764291969, 37.342), (1764291969, 1700518167, 37.342), (1700518167, 32661661, 263.781), (32661661, 1700518167, 263.781), (1700518167, 1669418209, 418.969), (1669418209, 32661685, 72.505), (32661685, 1669418209, 72.505), (1669418209, 32662151, 745.5250000000001), (32662151, 1700534174, 275.67), (1700534174, 1700534173, 76.343), (1700534173, 1700534172, 36.269), (1700534172, 1700534173, 36.269), (1700534173, 1764284090, 150.013), (1764284090, 1700534173, 150.013), (1700534173, 1764284088, 155.664), (1764284088, 1764284085, 258.575), (1764284085, 1764284081, 76.935), (1764284081, 1764284084, 257.036), (1764284084, 1764284082, 126.06700000000002), (1764284082, 1764284084, 126.06700000000002), (1764284084, 1764284088, 77.208), (1764284088, 1764284091, 75.022), (1764284091, 1699714855, 38.247), (1699714855, 1764284091, 38.247), (1764284091, 1764284089, 257.904), (1764284089, 1699718519, 29.723), (1699718519, 1764284089, 29.723), (1764284089, 1764284085, 77.674), (1764284085, 5661984741, 185.602), (5661984741, 1700483901, 136.298), (1700483901, 1700483902, 87.541), (1700483902, 1764284086, 176.625), (1764284086, 1699728632, 38.914), (1699728632, 1764284086, 38.914), (1764284086, 5661984741, 75.52799999999999), (5661984741, 1700483901, 136.298), (1700483901, 1700483899, 85.279), (1700483899, 1764284081, 286.058), (1764284081, 1764284084, 257.036), (1764284084, 1764284080, 77.274), (1764284080, 1764284076, 77.67), (1764284076, 1764284080, 77.67), (1764284080, 1764284078, 256.63300000000004), (1764284078, 1764284081, 78.817), (1764284081, 1700483899, 286.058), (1700483899, 1700457652, 87.71600000000001), (1700457652, 1700457624, 90.006), (1700457624, 1700457652, 90.006), (1700457652, 1764284078, 244.192), (1764284078, 1764284075, 76.656), (1764284075, 1700457624, 198.127), (1700457624, 1700457617, 90.63), (1700457617, 1700457622, 151.272), (1700457622, 1764284075, 77.625), (1764284075, 1764284076, 256.225), (1764284076, 5037962584, 149.24399999999997), (5037962584, 1764284076, 149.24399999999997), (1764284076, 32662184, 76.906), (32662184, 1700457622, 255.584), (1700457622, 32662184, 255.584), (32662184, 32662185, 279.543), (32662185, 32666877, 77.06899999999999), (32666877, 32666862, 17.371), (32666862, 32666877, 17.371), (32666877, 1764259778, 72.158), (1764259778, 32662185, 13.33), (32662185, 1764259778, 13.33), (1764259778, 32662191, 260.233), (32662191, 3713199524, 77.332), (3713199524, 32662156, 241.10899999999998), (32662156, 3713199524, 241.10899999999998), (3713199524, 32666862, 223.581), (32666862, 1764284090, 229.488), (1764284090, 1764284092, 76.189), (1764284092, 1699728628, 152.69899999999998), (1699728628, 1764284092, 152.69899999999998), (1764284092, 32662156, 75.457), (32662156, 32662151, 70.636), (32662151, 1700534174, 275.67), (1700534174, 1764284091, 157.347), (1764284091, 1764284089, 257.904), (1764284089, 1764284086, 185.014), (1764284086, 1700483902, 176.625), (1700483902, 4520455505, 222.862), (4520455505, 4520455496, 409.097), (4520455496, 4520455505, 409.097), (4520455505, 615035069, 410.38699999999994), (615035069, 4520455496, 11.474), (4520455496, 4520455486, 69.199), (4520455486, 10863417733, 102.628), (10863417733, 4520455486, 102.628), (4520455486, 32661693, 13.883), (32661693, 615035069, 71.906), (615035069, 4407950860, 90.44500000000001), (4407950860, 32661693, 70.442), (32661693, 1700483924, 101.44000000000001), (1700483924, 1700483927, 150.666), (1700483927, 1700534176, 80.225), (1700534176, 1700518168, 283.189), (1700518168, 32661674, 268.149), (32661674, 32661684, 78.006), (32661684, 1700483929, 264.37), (1700483929, 1700483927, 298.827), (1700483927, 4407950860, 78.51), (4407950860, 32661661, 311.597), (32661661, 1700483929, 79.264), (1700483929, 1700518168, 79.649), (1700518168, 1700483932, 76.462), (1700483932, 1700483931, 269.59599999999995), (1700483931, 1700534176, 78.689), (1700534176, 32661679, 228.62399999999997), (32661679, 1700483924, 101.025), (1700483924, 10863417733, 9.2), (10863417733, 10863417724, 98.905), (10863417724, 10863417707, 121.13499999999999), (10863417707, 10863417724, 121.13499999999999), (10863417724, 32661679, 8.709), (32661679, 32661666, 117.003), (32661666, 1700483931, 299.96), (1700483931, 1700518171, 70.509), (1700518171, 1700518176, 270.272), (1700518176, 1700483932, 99.481), (1700483932, 1700483934, 270.484), (1700483934, 32661659, 77.238), (32661659, 1700518176, 270.54299999999995), (1700518176, 1700534177, 251.078), (1700534177, 1700518171, 64.87200000000001), (1700518171, 32661184, 341.964), (32661184, 32661666, 95.367), (32661666, 10863417707, 8.632), (10863417707, 10863417721, 95.72800000000001), (10863417721, 4520455476, 77.00999999999999), (4520455476, 4520455491, 85.642), (4520455491, 4407950876, 88.996), (4407950876, 32661184, 76.549), (32661184, 10863417721, 7.783), (10863417721, 4520455476, 77.00999999999999), (4520455476, 4407950876, 8.038), (4407950876, 32661183, 34.66499999999999), (32661183, 1700534177, 341.635), (1700534177, 1700525571, 77.21799999999999), (1700525571, 1700534178, 423.639), (1700534178, 1700518181, 14.287), (1700518181, 1700534178, 14.287), (1700534178, 32661622, 84.66999999999999), (32661622, 32661659, 80.987), (32661659, 1700483934, 77.238), (1700483934, 32661674, 77.201), (32661674, 32661671, 357.787), (32661671, 32661619, 218.142), (32661619, 4333603970, 144.782), (4333603970, 32661622, 132.131), (32661622, 1700518182, 13.97), (1700518182, 1700518181, 83.29100000000001), (1700518181, 1700518180, 423.79499999999996), (1700518180, 1700525571, 65.595), (1700525571, 32661182, 341.29900000000004), (32661182, 32661183, 80.38600000000001), (32661183, 4407950876, 34.66499999999999), (4407950876, 4520455491, 88.996), (4520455491, 10863375784, 12.782), (10863375784, 10863589837, 187.95100000000002), (10863589837, 10863375784, 187.95100000000002), (10863375784, 32661182, 97.742), (32661182, 32661181, 92.43), (32661181, 1700518180, 340.23), (1700518180, 1700518186, 82.039), (1700518186, 32661556, 490.933), (32661556, 32661554, 236.857), (32661554, 32661553, 106.97), (32661553, 32661546, 100.391), (32661546, 32661547, 125.595), (32661547, 1700525573, 465.365), (1700525573, 1700525576, 73.495), (1700525576, 32661543, 453.8960000000001), (32661543, 32661547, 73.417), (32661547, 32661552, 71.121), (32661552, 32661551, 478.3), (32661551, 1700518186, 85.671), (1700518186, 32661180, 337.62399999999997), (32661180, 32661181, 82.536), (32661181, 10863589837, 249.748), (10863589837, 10863375769, 98.091), (10863375769, 32661550, 92.41), (32661550, 10863375769, 92.41), (10863375769, 32661180, 304.501), (32661180, 32661179, 85.65599999999999), (32661179, 32661550, 324.819), (32661550, 10863546379, 72.16300000000001), (10863546379, 32671971, 72.306), (32671971, 32661177, 338.48699999999997), (32661177, 1700525576, 339.82099999999997), (1700525576, 1700525578, 68.326), (1700525578, 32661176, 339.71), (32661176, 32661535, 338.98300000000006), (32661535, 1764298494, 23.942), (1764298494, 32672204, 31.781), (32672204, 10863546379, 91.761), (10863546379, 32661178, 339.53200000000004), (32661178, 1700525573, 340.001), (1700525573, 32661551, 71.191), (32661551, 32661179, 338.07699999999994), (32661179, 32661178, 71.905), (32661178, 32661177, 72.50399999999999), (32661177, 32661176, 68.286), (32661176, 1700534183, 55.897000000000006), (1700534183, 32661174, 63.407), (32661174, 32661220, 338.52099999999996), (32661220, 32661221, 85.26599999999999), (32661221, 1700518193, 94.996), (1700518193, 1700518194, 15.185), (1700518194, 1700525610, 338.895), (1700525610, 1700525613, 83.46), (1700525613, 32661475, 338.924), (32661475, 32661458, 77.775), (32661458, 32661454, 271.006), (32661454, 618066319, 39.549), (618066319, 32661453, 39.367000000000004), (32661453, 32661454, 46.682), (32661454, 32661453, 46.682), (32661453, 32661444, 75.002), (32661444, 1700525615, 254.45800000000003), (1700525615, 1700525620, 65.078), (1700525620, 267966844, 66.014), (267966844, 32661435, 248.978), (32661435, 32661443, 65.531), (32661443, 32661444, 60.521), (32661444, 32661453, 75.002), (32661453, 32661450, 262.974), (32661450, 32661458, 68.341), (32661458, 32661169, 338.894), (32661169, 1700525613, 74.93100000000001), (1700525613, 32661224, 338.71799999999996), (32661224, 32661225, 77.145), (32661225, 1700518196, 263.58299999999997), (1700518196, 1700518198, 73.311), (1700518198, 32661226, 287.82099999999997), (32661226, 32661225, 69.049), (32661225, 32661169, 338.62300000000005), (32661169, 32661168, 70.82), (32661168, 32661450, 338.60999999999996), (32661450, 1700525615, 62.426), (1700525615, 32661167, 338.294), (32661167, 32661168, 64.3), (32661168, 32661226, 338.629), (32661226, 32661227, 60.17), (32661227, 1700518199, 304.36699999999996), (1700518199, 1700518202, 68.298), (1700518202, 32661251, 316.52799999999996), (32661251, 32661252, 66.085), (32661252, 207713268, 338.463), (207713268, 267966844, 337.981), (267966844, 267966817, 89.645), (267966817, 32661434, 248.408), (32661434, 32661426, 98.32000000000001), (32661426, 32661434, 98.32000000000001), (32661434, 32661435, 90.36), (32661435, 32661443, 65.531), (32661443, 1700525620, 249.39499999999998), (1700525620, 1700525617, 338.20900000000006), (1700525617, 32661251, 338.482), (32661251, 32661227, 67.2), (32661227, 32661167, 338.723), (32661167, 1700525617, 63.391999999999996), (1700525617, 207713268, 64.027), (207713268, 32661164, 90.32600000000001), (32661164, 267966817, 337.82199999999995), (267966817, 1700525645, 99.339), (1700525645, 32661426, 257.859), (32661426, 32661355, 101.428), (32661355, 8640521372, 35.653), (8640521372, 8640521401, 81.53399999999999), (8640521401, 1734380596, 37.948), (1734380596, 8640521372, 65.988), (8640521372, 32661355, 35.653), (32661355, 1700525649, 277.35299999999995), (1700525649, 1700525645, 98.821), (1700525645, 32661163, 337.43), (32661163, 32661164, 97.999), (32661164, 32661253, 338.339), (32661253, 1700525640, 95.805), (1700525640, 1700518205, 319.574), (1700518205, 1700518206, 99.32200000000002), (1700518206, 32661193, 101.925), (32661193, 8567460063, 45.30800000000001), (8567460063, 615101635, 24.701), (615101635, 1063436042, 126.627), (1063436042, 1063436042, 104.177), (1063436042, 615101635, 126.627), (615101635, 8567460062, 37.333), (8567460062, 8567460062, 63.028999999999996), (8567460062, 615101635, 37.333), (615101635, 8567460063, 24.701), (8567460063, 32661193, 45.30800000000001), (32661193, 1700518206, 101.925), (1700518206, 1700525647, 321.75699999999995), (1700525647, 1700525640, 98.382), (1700525640, 32661163, 339.453), (32661163, 32661162, 101.42499999999998), (32661162, 1700525647, 339.428), (1700525647, 1700525650, 98.411), (1700525650, 1764284111, 98.084), (1764284111, 32661256, 236.289), (32661256, 1429448537, 248.639), (1429448537, 797776010, 52.67099999999999), (797776010, 797776012, 32.742000000000004), (797776012, 615101580, 121.35799999999999), (615101580, 797776012, 121.35799999999999), (797776012, 615101580, 121.35799999999999), (615101580, 32661713, 172.262), (32661713, 1700534187, 52.334), (1700534187, 32661256, 85.494), (32661256, 32661129, 85.027), (32661129, 1700518216, 84.16900000000001), (1700518216, 1700518222, 246.673), (1700518222, 1700518223, 83.04599999999999), (1700518223, 32661118, 247.155), (32661118, 1700518216, 83.10300000000001), (1700518216, 1700518214, 238.031), (1700518214, 32661117, 82.878), (32661117, 32661142, 85.589), (32661142, 32661100, 86.01), (32661100, 32661142, 86.01), (32661142, 32661160, 238.04), (32661160, 1700518225, 247.953), (1700518225, 32661735, 85.668), (32661735, 1700525677, 171.22299999999998), (1700525677, 1700518228, 86.652), (1700518228, 32661157, 179.433), (32661157, 1241292882, 197.281), (1241292882, 4513612526, 86.40699999999997), (4513612526, 32661105, 202.728), (32661105, 32661157, 89.32), (32661157, 32661121, 85.87), (32661121, 5688217988, 83.243), (5688217988, 32671564, 21.4), (32671564, 32661774, 202.62), (32661774, 32659931, 361.126), (32659931, 5559066582, 127.82300000000001), (5559066582, 32659931, 127.82300000000001), (32659931, 32661266, 92.10999999999999), (32661266, 248413240, 160.91099999999997), (248413240, 248413711, 11.728), (248413711, 267969149, 105.95800000000001), (267969149, 248413592, 368.3550000000001), (248413592, 207249241, 9.19), (207249241, 32661715, 172.992), (32661715, 207249223, 30.309), (207249223, 248413588, 9.767), (248413588, 248413589, 29.337), (248413589, 248413592, 171.993), (248413592, 248413589, 171.993), (248413589, 32661715, 9.379), (32661715, 32661714, 123.787), (32661714, 615101577, 125.949), (615101577, 32661714, 125.949), (32661714, 32661713, 39.476), (32661713, 32661136, 89.475), (32661136, 1700518211, 177.702), (1700518211, 32661136, 177.702), (32661136, 32661140, 184.776), (32661140, 32661193, 106.044), (32661193, 1700525650, 322.67799999999994), (1700525650, 32661161, 337.645), (32661161, 32661162, 97.501), (32661162, 1700525649, 337.031), (1700525649, 1700525656, 98.095), (1700525656, 32661041, 169.314), (32661041, 32661161, 169.94400000000002), (32661161, 32661142, 96.219), (32661142, 32661117, 85.589), (32661117, 32661118, 238.081), (32661118, 32661160, 85.89599999999999), (32661160, 32661101, 84.589), (32661101, 32661100, 237.948), (32661100, 32661040, 84.037), (32661040, 32661041, 94.891), (32661041, 32661040, 94.891), (32661040, 32661035, 82.80600000000001), (32661035, 32661040, 82.80600000000001), (32661040, 32661039, 237.961), (32661039, 32661101, 85.394), (32661101, 8595141328, 140.039), (8595141328, 32661038, 85.455), (32661038, 207717147, 83.417), (207717147, 4304495146, 86.547), (4304495146, 32661716, 358.572), (32661716, 1764298498, 81.042), (1764298498, 5342978418, 236.49), (5342978418, 615035109, 82.748), (615035109, 32661716, 235.92399999999998), (32661716, 32661032, 83.502), (32661032, 32661033, 83.524), (32661033, 5422994804, 237.23899999999998), (5422994804, 32661031, 83.554), (32661031, 5422994804, 83.554), (5422994804, 32661143, 85.548), (32661143, 32661035, 86.25800000000001), (32661035, 32661036, 237.699), (32661036, 207717147, 126.724), (207717147, 4304495146, 86.547), (4304495146, 4304495144, 124.69999999999999), (4304495144, 32661143, 238.65800000000002), (32661143, 1700525656, 95.336), (1700525656, 1734380596, 281.752), (1734380596, 615035107, 27.863999999999997), (615035107, 615035109, 75.17800000000001), (615035109, 32661031, 84.703), (32661031, 32661032, 237.441), (32661032, 32661033, 83.524), (32661033, 4304495144, 85.447), (4304495144, 32661036, 85.87), (32661036, 32661039, 83.066), (32661039, 32661038, 125.775), (32661038, 8595141328, 85.455), (8595141328, 32661735, 109.45), (32661735, 1700525677, 171.22299999999998), (1700525677, 32661105, 179.147), (32661105, 4513612526, 202.728), (4513612526, 1241292882, 86.40699999999997), (1241292882, 32661156, 8.652), (32661156, 1411570408, 76.23299999999999), (1411570408, 1411570220, 96.942), (1411570220, 1691949953, 129.287), (1691949953, 1691955325, 57.269999999999996), (1691955325, 1691949953, 57.269999999999996), (1691949953, 1411570220, 129.287), (1411570220, 1411570418, 58.148999999999994), (1411570418, 1411570220, 58.148999999999994), (1411570220, 1411570408, 96.942), (1411570408, 4518898500, 7.481), (4518898500, 1411570408, 7.481), (1411570408, 32659924, 89.578), (32659924, 10905762612, 404.5490000000001), (10905762612, 32659924, 404.5490000000001)]\n",
      "Pour déneiger cette zone, on doit passer par 603 routes\n"
     ]
    }
   ],
   "source": [
    "\n",
    "true_path2 = replace_nodes2(g, paths)\n",
    "print(\"Pour déneiger cette zone, on doit passer par \" + str(len(true_path2)) + \" routes\")\n",
    "\n",
    "add_length(true_path2, g)\n",
    "print(true_path2)\n",
    "print(\"Pour déneiger cette zone, on doit passer par \" + str(len(true_path2)) + \" routes\")\n"
   ]
  },
  {
   "cell_type": "code",
   "execution_count": 34,
   "id": "d666b389",
   "metadata": {},
   "outputs": [
    {
     "name": "stdout",
     "output_type": "stream",
     "text": [
      "60136.53400000002\n",
      "road not found: 0\n"
     ]
    },
    {
     "data": {
